% time	cellId	IMSI	RNTI	rsrp	sinr	ComponentCarrierId
0.000214285	1	1	0	6.72185e-11	141709	0
0.000214285	1	2	0	3.36092e-11	70854.5	0
0.000214285	1	3	0	3.36092e-11	70854.5	0
0.000214285	1	4	0	3.36092e-11	70854.5	0
0.00121429	1	1	0	6.72239e-11	141720	0
0.00121429	1	2	0	3.36092e-11	70854.5	0
0.00121429	1	3	0	3.36092e-11	70854.5	0
0.00121429	1	4	0	3.36092e-11	70854.5	0
0.00221428	1	1	0	6.72292e-11	141732	0
0.00221428	1	2	0	3.36092e-11	70854.5	0
0.00221428	1	3	0	3.36092e-11	70854.5	0
0.00221428	1	4	0	3.36092e-11	70854.5	0
0.00321428	1	1	0	6.72346e-11	141743	0
0.00321428	1	2	0	3.36092e-11	70854.5	0
0.00321428	1	3	0	3.36092e-11	70854.5	0
0.00321428	1	4	0	3.36092e-11	70854.5	0
0.00421428	1	1	0	6.724e-11	141754	0
0.00421428	1	2	0	3.36092e-11	70854.5	0
0.00421428	1	3	0	3.36092e-11	70854.5	0
0.00421428	1	4	0	3.36092e-11	70854.5	0
0.00521428	1	1	0	6.72454e-11	141766	0
0.00521428	1	2	0	3.36092e-11	70854.5	0
0.00521428	1	3	0	3.36092e-11	70854.5	0
0.00521428	1	4	0	3.36092e-11	70854.5	0
0.00621428	1	1	0	6.72508e-11	141777	0
0.00621428	1	2	0	3.36092e-11	70854.5	0
0.00621428	1	3	0	3.36092e-11	70854.5	0
0.00621428	1	4	0	3.36092e-11	70854.5	0
0.00721428	1	1	0	6.72561e-11	141788	0
0.00721428	1	2	0	3.36092e-11	70854.5	0
0.00721428	1	3	0	3.36092e-11	70854.5	0
0.00721428	1	4	0	3.36092e-11	70854.5	0
0.00821428	1	1	0	6.72615e-11	141800	0
0.00821428	1	2	0	3.36092e-11	70854.5	0
0.00821428	1	3	0	3.36092e-11	70854.5	0
0.00821428	1	4	0	3.36092e-11	70854.5	0
0.00921428	1	1	0	6.72669e-11	141811	0
0.00921428	1	2	0	3.36092e-11	70854.5	0
0.00921428	1	3	0	3.36092e-11	70854.5	0
0.00921428	1	4	0	3.36092e-11	70854.5	0
0.0102143	1	1	0	6.72723e-11	141822	0
0.0102143	1	2	0	3.36092e-11	70854.5	0
0.0102143	1	3	0	3.36092e-11	70854.5	0
0.0102143	1	4	0	3.36092e-11	70854.5	0
0.0112143	1	1	0	6.72777e-11	141834	0
0.0112143	1	2	0	3.36092e-11	70854.5	0
0.0112143	1	3	0	3.36092e-11	70854.5	0
0.0112143	1	4	0	3.36092e-11	70854.5	0
0.0122143	1	1	0	6.72831e-11	141845	0
0.0122143	1	2	0	3.36092e-11	70854.5	0
0.0122143	1	3	0	3.36092e-11	70854.5	0
0.0122143	1	4	0	3.36092e-11	70854.5	0
0.0132143	1	1	0	6.72884e-11	141856	0
0.0132143	1	2	0	3.36092e-11	70854.5	0
0.0132143	1	3	0	3.36092e-11	70854.5	0
0.0132143	1	4	0	3.36092e-11	70854.5	0
0.0142143	1	1	0	6.72938e-11	141868	0
0.0142143	1	2	0	3.36092e-11	70854.5	0
0.0142143	1	3	0	3.36092e-11	70854.5	0
0.0142143	1	4	0	3.36092e-11	70854.5	0
0.0152143	1	1	0	6.72992e-11	141879	0
0.0152143	1	2	0	3.36092e-11	70854.5	0
0.0152143	1	3	0	3.36092e-11	70854.5	0
0.0152143	1	4	0	3.36092e-11	70854.5	0
0.0162143	1	1	0	6.73046e-11	141891	0
0.0162143	1	2	0	3.36092e-11	70854.5	0
0.0162143	1	3	0	3.36092e-11	70854.5	0
0.0162143	1	4	0	3.36092e-11	70854.5	0
0.0172143	1	1	0	6.731e-11	141902	0
0.0172143	1	2	0	3.36092e-11	70854.5	0
0.0172143	1	3	0	3.36092e-11	70854.5	0
0.0172143	1	4	0	3.36092e-11	70854.5	0
0.0182143	1	1	0	6.73154e-11	141913	0
0.0182143	1	2	0	3.36092e-11	70854.5	0
0.0182143	1	3	0	3.36092e-11	70854.5	0
0.0182143	1	4	0	3.36092e-11	70854.5	0
0.0192143	1	1	0	6.73208e-11	141925	0
0.0192143	1	2	0	3.36092e-11	70854.5	0
0.0192143	1	3	0	3.36092e-11	70854.5	0
0.0192143	1	4	0	3.36092e-11	70854.5	0
0.0202143	1	1	0	6.73262e-11	141936	0
0.0202143	1	2	0	3.36092e-11	70854.5	0
0.0202143	1	3	0	3.36092e-11	70854.5	0
0.0202143	1	4	0	3.36092e-11	70854.5	0
0.0212143	1	1	2	6.73316e-11	141947	0
0.0212143	1	2	1	3.36092e-11	70854.5	0
0.0212143	1	3	3	3.36092e-11	70854.5	0
0.0212143	1	4	4	3.36092e-11	70854.5	0
0.0222143	1	1	2	6.73369e-11	141959	0
0.0222143	1	2	1	3.36092e-11	70854.5	0
0.0222143	1	3	3	3.36092e-11	70854.5	0
0.0222143	1	4	4	3.36092e-11	70854.5	0
0.0232143	1	1	2	6.73423e-11	141970	0
0.0232143	1	2	1	3.36092e-11	70854.5	0
0.0232143	1	3	3	3.36092e-11	70854.5	0
0.0232143	1	4	4	3.36092e-11	70854.5	0
0.0242143	1	1	2	6.73477e-11	141981	0
0.0242143	1	2	1	3.36092e-11	70854.5	0
0.0242143	1	3	3	3.36092e-11	70854.5	0
0.0242143	1	4	4	3.36092e-11	70854.5	0
0.0252143	1	1	2	6.73531e-11	141993	0
0.0252143	1	2	1	3.36092e-11	70854.5	0
0.0252143	1	3	3	3.36092e-11	70854.5	0
0.0252143	1	4	4	3.36092e-11	70854.5	0
0.0262143	1	1	2	6.73585e-11	142004	0
0.0262143	1	2	1	3.36092e-11	70854.5	0
0.0262143	1	3	3	3.36092e-11	70854.5	0
0.0262143	1	4	4	3.36092e-11	70854.5	0
0.0272143	1	1	2	6.73639e-11	142016	0
0.0272143	1	2	1	3.36092e-11	70854.5	0
0.0272143	1	3	3	3.36092e-11	70854.5	0
0.0272143	1	4	4	3.36092e-11	70854.5	0
0.0282143	1	1	2	6.73693e-11	142027	0
0.0282143	1	2	1	3.36092e-11	70854.5	0
0.0282143	1	3	3	3.36092e-11	70854.5	0
0.0282143	1	4	4	3.36092e-11	70854.5	0
0.0292143	1	1	2	6.73747e-11	142038	0
0.0292143	1	2	1	3.36092e-11	70854.5	0
0.0292143	1	3	3	3.36092e-11	70854.5	0
0.0292143	1	4	4	3.36092e-11	70854.5	0
0.0302143	1	1	2	6.73801e-11	142050	0
0.0302143	1	2	1	3.36092e-11	70854.5	0
0.0302143	1	3	3	3.36092e-11	70854.5	0
0.0302143	1	4	4	3.36092e-11	70854.5	0
0.0312143	1	1	2	6.73855e-11	142061	0
0.0312143	1	2	1	3.36092e-11	70854.5	0
0.0312143	1	3	3	3.36092e-11	70854.5	0
0.0312143	1	4	4	3.36092e-11	70854.5	0
0.0322143	1	1	2	6.73909e-11	142072	0
0.0322143	1	2	1	3.36092e-11	70854.5	0
0.0322143	1	3	3	3.36092e-11	70854.5	0
0.0322143	1	4	4	3.36092e-11	70854.5	0
0.0332143	1	1	2	6.73963e-11	142084	0
0.0332143	1	2	1	3.36092e-11	70854.5	0
0.0332143	1	3	3	3.36092e-11	70854.5	0
0.0332143	1	4	4	3.36092e-11	70854.5	0
0.0342143	1	1	2	6.74017e-11	142095	0
0.0342143	1	2	1	3.36092e-11	70854.5	0
0.0342143	1	3	3	3.36092e-11	70854.5	0
0.0342143	1	4	4	3.36092e-11	70854.5	0
0.0352143	1	1	2	6.74071e-11	142107	0
0.0352143	1	2	1	3.36092e-11	70854.5	0
0.0352143	1	3	3	3.36092e-11	70854.5	0
0.0352143	1	4	4	3.36092e-11	70854.5	0
0.0362143	1	1	2	6.74125e-11	142118	0
0.0362143	1	2	1	3.36092e-11	70854.5	0
0.0362143	1	3	3	3.36092e-11	70854.5	0
0.0362143	1	4	4	3.36092e-11	70854.5	0
0.0372143	1	1	2	6.74179e-11	142129	0
0.0372143	1	2	1	3.36092e-11	70854.5	0
0.0372143	1	3	3	3.36092e-11	70854.5	0
0.0372143	1	4	4	3.36092e-11	70854.5	0
0.0382143	1	1	2	6.74233e-11	142141	0
0.0382143	1	2	1	3.36092e-11	70854.5	0
0.0382143	1	3	3	3.36092e-11	70854.5	0
0.0382143	1	4	4	3.36092e-11	70854.5	0
0.0392143	1	1	2	6.74287e-11	142152	0
0.0392143	1	2	1	3.36092e-11	70854.5	0
0.0392143	1	3	3	3.36092e-11	70854.5	0
0.0392143	1	4	4	3.36092e-11	70854.5	0
0.0402143	1	1	2	6.74341e-11	142164	0
0.0402143	1	2	1	3.36092e-11	70854.5	0
0.0402143	1	3	3	3.36092e-11	70854.5	0
0.0402143	1	4	4	3.36092e-11	70854.5	0
0.0412143	1	1	2	6.74395e-11	142175	0
0.0412143	1	2	1	3.36092e-11	70854.5	0
0.0412143	1	3	3	3.36092e-11	70854.5	0
0.0412143	1	4	4	3.36092e-11	70854.5	0
0.0422143	1	1	2	6.74449e-11	142186	0
0.0422143	1	2	1	3.36092e-11	70854.5	0
0.0422143	1	3	3	3.36092e-11	70854.5	0
0.0422143	1	4	4	3.36092e-11	70854.5	0
0.0432143	1	1	2	6.74503e-11	142198	0
0.0432143	1	2	1	3.36092e-11	70854.5	0
0.0432143	1	3	3	3.36092e-11	70854.5	0
0.0432143	1	4	4	3.36092e-11	70854.5	0
0.0442143	1	1	2	6.74557e-11	142209	0
0.0442143	1	2	1	3.36092e-11	70854.5	0
0.0442143	1	3	3	3.36092e-11	70854.5	0
0.0442143	1	4	4	3.36092e-11	70854.5	0
0.0452143	1	1	2	6.74611e-11	142221	0
0.0452143	1	2	1	3.36092e-11	70854.5	0
0.0452143	1	3	3	3.36092e-11	70854.5	0
0.0452143	1	4	4	3.36092e-11	70854.5	0
0.0462143	1	1	2	6.74665e-11	142232	0
0.0462143	1	2	1	3.36092e-11	70854.5	0
0.0462143	1	3	3	3.36092e-11	70854.5	0
0.0462143	1	4	4	3.36092e-11	70854.5	0
0.0472143	1	1	2	6.74719e-11	142243	0
0.0472143	1	2	1	3.36092e-11	70854.5	0
0.0472143	1	3	3	3.36092e-11	70854.5	0
0.0472143	1	4	4	3.36092e-11	70854.5	0
0.0482143	1	1	2	6.74773e-11	142255	0
0.0482143	1	2	1	3.36092e-11	70854.5	0
0.0482143	1	3	3	3.36092e-11	70854.5	0
0.0482143	1	4	4	3.36092e-11	70854.5	0
0.0492143	1	1	2	6.74828e-11	142266	0
0.0492143	1	2	1	3.36092e-11	70854.5	0
0.0492143	1	3	3	3.36092e-11	70854.5	0
0.0492143	1	4	4	3.36092e-11	70854.5	0
0.0502143	1	1	2	6.74882e-11	142278	0
0.0502143	1	2	1	3.36092e-11	70854.5	0
0.0502143	1	3	3	3.36092e-11	70854.5	0
0.0502143	1	4	4	3.36092e-11	70854.5	0
0.0512143	1	1	2	6.74936e-11	142289	0
0.0512143	1	2	1	3.36092e-11	70854.5	0
0.0512143	1	3	3	3.36092e-11	70854.5	0
0.0512143	1	4	4	3.36092e-11	70854.5	0
0.0522143	1	1	2	6.7499e-11	142300	0
0.0522143	1	2	1	3.36092e-11	70854.5	0
0.0522143	1	3	3	3.36092e-11	70854.5	0
0.0522143	1	4	4	3.36092e-11	70854.5	0
0.0532143	1	1	2	6.75044e-11	142312	0
0.0532143	1	2	1	3.36092e-11	70854.5	0
0.0532143	1	3	3	3.36092e-11	70854.5	0
0.0532143	1	4	4	3.36092e-11	70854.5	0
0.0542143	1	1	2	6.75098e-11	142323	0
0.0542143	1	2	1	3.36092e-11	70854.5	0
0.0542143	1	3	3	3.36092e-11	70854.5	0
0.0542143	1	4	4	3.36092e-11	70854.5	0
0.0552143	1	1	2	6.75152e-11	142335	0
0.0552143	1	2	1	3.36092e-11	70854.5	0
0.0552143	1	3	3	3.36092e-11	70854.5	0
0.0552143	1	4	4	3.36092e-11	70854.5	0
0.0562143	1	1	2	6.75206e-11	142346	0
0.0562143	1	2	1	3.36092e-11	70854.5	0
0.0562143	1	3	3	3.36092e-11	70854.5	0
0.0562143	1	4	4	3.36092e-11	70854.5	0
0.0572143	1	1	2	6.7526e-11	142357	0
0.0572143	1	2	1	3.36092e-11	70854.5	0
0.0572143	1	3	3	3.36092e-11	70854.5	0
0.0572143	1	4	4	3.36092e-11	70854.5	0
0.0582143	1	1	2	6.75315e-11	142369	0
0.0582143	1	2	1	3.36092e-11	70854.5	0
0.0582143	1	3	3	3.36092e-11	70854.5	0
0.0582143	1	4	4	3.36092e-11	70854.5	0
0.0592143	1	1	2	6.75369e-11	142380	0
0.0592143	1	2	1	3.36092e-11	70854.5	0
0.0592143	1	3	3	3.36092e-11	70854.5	0
0.0592143	1	4	4	3.36092e-11	70854.5	0
0.0602143	1	1	2	6.75423e-11	142392	0
0.0602143	1	2	1	3.36092e-11	70854.5	0
0.0602143	1	3	3	3.36092e-11	70854.5	0
0.0602143	1	4	4	3.36092e-11	70854.5	0
0.0612143	1	1	2	6.75477e-11	142403	0
0.0612143	1	2	1	3.36092e-11	70854.5	0
0.0612143	1	3	3	3.36092e-11	70854.5	0
0.0612143	1	4	4	3.36092e-11	70854.5	0
0.0622143	1	1	2	6.75531e-11	142415	0
0.0622143	1	2	1	3.36092e-11	70854.5	0
0.0622143	1	3	3	3.36092e-11	70854.5	0
0.0622143	1	4	4	3.36092e-11	70854.5	0
0.0632143	1	1	2	6.75585e-11	142426	0
0.0632143	1	2	1	3.36092e-11	70854.5	0
0.0632143	1	3	3	3.36092e-11	70854.5	0
0.0632143	1	4	4	3.36092e-11	70854.5	0
0.0642143	1	1	2	6.7564e-11	142437	0
0.0642143	1	2	1	3.36092e-11	70854.5	0
0.0642143	1	3	3	3.36092e-11	70854.5	0
0.0642143	1	4	4	3.36092e-11	70854.5	0
0.0652143	1	1	2	6.75694e-11	142449	0
0.0652143	1	2	1	3.36092e-11	70854.5	0
0.0652143	1	3	3	3.36092e-11	70854.5	0
0.0652143	1	4	4	3.36092e-11	70854.5	0
0.0662143	1	1	2	6.75748e-11	142460	0
0.0662143	1	2	1	3.36092e-11	70854.5	0
0.0662143	1	3	3	3.36092e-11	70854.5	0
0.0662143	1	4	4	3.36092e-11	70854.5	0
0.0672143	1	1	2	6.75802e-11	142472	0
0.0672143	1	2	1	3.36092e-11	70854.5	0
0.0672143	1	3	3	3.36092e-11	70854.5	0
0.0672143	1	4	4	3.36092e-11	70854.5	0
0.0682143	1	1	2	6.75856e-11	142483	0
0.0682143	1	2	1	3.36092e-11	70854.5	0
0.0682143	1	3	3	3.36092e-11	70854.5	0
0.0682143	1	4	4	3.36092e-11	70854.5	0
0.0692143	1	1	2	6.75911e-11	142494	0
0.0692143	1	2	1	3.36092e-11	70854.5	0
0.0692143	1	3	3	3.36092e-11	70854.5	0
0.0692143	1	4	4	3.36092e-11	70854.5	0
0.0702143	1	1	2	6.75965e-11	142506	0
0.0702143	1	2	1	3.36092e-11	70854.5	0
0.0702143	1	3	3	3.36092e-11	70854.5	0
0.0702143	1	4	4	3.36092e-11	70854.5	0
0.0712143	1	1	2	6.76019e-11	142517	0
0.0712143	1	2	1	3.36092e-11	70854.5	0
0.0712143	1	3	3	3.36092e-11	70854.5	0
0.0712143	1	4	4	3.36092e-11	70854.5	0
0.0722143	1	1	2	6.76073e-11	142529	0
0.0722143	1	2	1	3.36092e-11	70854.5	0
0.0722143	1	3	3	3.36092e-11	70854.5	0
0.0722143	1	4	4	3.36092e-11	70854.5	0
0.0732143	1	1	2	6.76128e-11	142540	0
0.0732143	1	2	1	3.36092e-11	70854.5	0
0.0732143	1	3	3	3.36092e-11	70854.5	0
0.0732143	1	4	4	3.36092e-11	70854.5	0
0.0742143	1	1	2	6.76182e-11	142552	0
0.0742143	1	2	1	3.36092e-11	70854.5	0
0.0742143	1	3	3	3.36092e-11	70854.5	0
0.0742143	1	4	4	3.36092e-11	70854.5	0
0.0752143	1	1	2	6.76236e-11	142563	0
0.0752143	1	2	1	3.36092e-11	70854.5	0
0.0752143	1	3	3	3.36092e-11	70854.5	0
0.0752143	1	4	4	3.36092e-11	70854.5	0
0.0762143	1	1	2	6.7629e-11	142575	0
0.0762143	1	2	1	3.36092e-11	70854.5	0
0.0762143	1	3	3	3.36092e-11	70854.5	0
0.0762143	1	4	4	3.36092e-11	70854.5	0
0.0772143	1	1	2	6.76345e-11	142586	0
0.0772143	1	2	1	3.36092e-11	70854.5	0
0.0772143	1	3	3	3.36092e-11	70854.5	0
0.0772143	1	4	4	3.36092e-11	70854.5	0
0.0782143	1	1	2	6.76399e-11	142597	0
0.0782143	1	2	1	3.36092e-11	70854.5	0
0.0782143	1	3	3	3.36092e-11	70854.5	0
0.0782143	1	4	4	3.36092e-11	70854.5	0
0.0792143	1	1	2	6.76453e-11	142609	0
0.0792143	1	2	1	3.36092e-11	70854.5	0
0.0792143	1	3	3	3.36092e-11	70854.5	0
0.0792143	1	4	4	3.36092e-11	70854.5	0
0.0802143	1	1	2	6.76508e-11	142620	0
0.0802143	1	2	1	3.36092e-11	70854.5	0
0.0802143	1	3	3	3.36092e-11	70854.5	0
0.0802143	1	4	4	3.36092e-11	70854.5	0
0.0812143	1	1	2	6.76562e-11	142632	0
0.0812143	1	2	1	3.36092e-11	70854.5	0
0.0812143	1	3	3	3.36092e-11	70854.5	0
0.0812143	1	4	4	3.36092e-11	70854.5	0
0.0822143	1	1	2	6.76616e-11	142643	0
0.0822143	1	2	1	3.36092e-11	70854.5	0
0.0822143	1	3	3	3.36092e-11	70854.5	0
0.0822143	1	4	4	3.36092e-11	70854.5	0
0.0832143	1	1	2	6.7667e-11	142655	0
0.0832143	1	2	1	3.36092e-11	70854.5	0
0.0832143	1	3	3	3.36092e-11	70854.5	0
0.0832143	1	4	4	3.36092e-11	70854.5	0
0.0842143	1	1	2	6.76725e-11	142666	0
0.0842143	1	2	1	3.36092e-11	70854.5	0
0.0842143	1	3	3	3.36092e-11	70854.5	0
0.0842143	1	4	4	3.36092e-11	70854.5	0
0.0852143	1	1	2	6.76779e-11	142678	0
0.0852143	1	2	1	3.36092e-11	70854.5	0
0.0852143	1	3	3	3.36092e-11	70854.5	0
0.0852143	1	4	4	3.36092e-11	70854.5	0
0.0862143	1	1	2	6.76833e-11	142689	0
0.0862143	1	2	1	3.36092e-11	70854.5	0
0.0862143	1	3	3	3.36092e-11	70854.5	0
0.0862143	1	4	4	3.36092e-11	70854.5	0
0.0872143	1	1	2	6.76888e-11	142700	0
0.0872143	1	2	1	3.36092e-11	70854.5	0
0.0872143	1	3	3	3.36092e-11	70854.5	0
0.0872143	1	4	4	3.36092e-11	70854.5	0
0.0882143	1	1	2	6.76942e-11	142712	0
0.0882143	1	2	1	3.36092e-11	70854.5	0
0.0882143	1	3	3	3.36092e-11	70854.5	0
0.0882143	1	4	4	3.36092e-11	70854.5	0
0.0892143	1	1	2	6.76996e-11	142723	0
0.0892143	1	2	1	3.36092e-11	70854.5	0
0.0892143	1	3	3	3.36092e-11	70854.5	0
0.0892143	1	4	4	3.36092e-11	70854.5	0
0.0902143	1	1	2	6.77051e-11	142735	0
0.0902143	1	2	1	3.36092e-11	70854.5	0
0.0902143	1	3	3	3.36092e-11	70854.5	0
0.0902143	1	4	4	3.36092e-11	70854.5	0
0.0912143	1	1	2	6.77105e-11	142746	0
0.0912143	1	2	1	3.36092e-11	70854.5	0
0.0912143	1	3	3	3.36092e-11	70854.5	0
0.0912143	1	4	4	3.36092e-11	70854.5	0
0.0922143	1	1	2	6.7716e-11	142758	0
0.0922143	1	2	1	3.36092e-11	70854.5	0
0.0922143	1	3	3	3.36092e-11	70854.5	0
0.0922143	1	4	4	3.36092e-11	70854.5	0
0.0932143	1	1	2	6.77214e-11	142769	0
0.0932143	1	2	1	3.36092e-11	70854.5	0
0.0932143	1	3	3	3.36092e-11	70854.5	0
0.0932143	1	4	4	3.36092e-11	70854.5	0
0.0942143	1	1	2	6.77268e-11	142781	0
0.0942143	1	2	1	3.36092e-11	70854.5	0
0.0942143	1	3	3	3.36092e-11	70854.5	0
0.0942143	1	4	4	3.36092e-11	70854.5	0
0.0952143	1	1	2	6.77323e-11	142792	0
0.0952143	1	2	1	3.36092e-11	70854.5	0
0.0952143	1	3	3	3.36092e-11	70854.5	0
0.0952143	1	4	4	3.36092e-11	70854.5	0
0.0962143	1	1	2	6.77377e-11	142804	0
0.0962143	1	2	1	3.36092e-11	70854.5	0
0.0962143	1	3	3	3.36092e-11	70854.5	0
0.0962143	1	4	4	3.36092e-11	70854.5	0
0.0972143	1	1	2	6.77431e-11	142815	0
0.0972143	1	2	1	3.36092e-11	70854.5	0
0.0972143	1	3	3	3.36092e-11	70854.5	0
0.0972143	1	4	4	3.36092e-11	70854.5	0
0.0982143	1	1	2	6.77486e-11	142827	0
0.0982143	1	2	1	3.36092e-11	70854.5	0
0.0982143	1	3	3	3.36092e-11	70854.5	0
0.0982143	1	4	4	3.36092e-11	70854.5	0
0.0992143	1	1	2	6.7754e-11	142838	0
0.0992143	1	2	1	3.36092e-11	70854.5	0
0.0992143	1	3	3	3.36092e-11	70854.5	0
0.0992143	1	4	4	3.36092e-11	70854.5	0
0.100214	1	1	2	6.77595e-11	142850	0
0.100214	1	2	1	3.36092e-11	70854.5	0
0.100214	1	3	3	3.36092e-11	70854.5	0
0.100214	1	4	4	3.36092e-11	70854.5	0
0.101214	1	1	2	6.77649e-11	142861	0
0.101214	1	2	1	3.36092e-11	70854.5	0
0.101214	1	3	3	3.36092e-11	70854.5	0
0.101214	1	4	4	3.36092e-11	70854.5	0
0.102214	1	1	2	6.77704e-11	142872	0
0.102214	1	2	1	3.36092e-11	70854.5	0
0.102214	1	3	3	3.36092e-11	70854.5	0
0.102214	1	4	4	3.36092e-11	70854.5	0
0.103214	1	1	2	6.77758e-11	142884	0
0.103214	1	2	1	3.36092e-11	70854.5	0
0.103214	1	3	3	3.36092e-11	70854.5	0
0.103214	1	4	4	3.36092e-11	70854.5	0
0.104214	1	1	2	6.77812e-11	142895	0
0.104214	1	2	1	3.36092e-11	70854.5	0
0.104214	1	3	3	3.36092e-11	70854.5	0
0.104214	1	4	4	3.36092e-11	70854.5	0
0.105214	1	1	2	6.77867e-11	142907	0
0.105214	1	2	1	3.36092e-11	70854.5	0
0.105214	1	3	3	3.36092e-11	70854.5	0
0.105214	1	4	4	3.36092e-11	70854.5	0
0.106214	1	1	2	6.77921e-11	142918	0
0.106214	1	2	1	3.36092e-11	70854.5	0
0.106214	1	3	3	3.36092e-11	70854.5	0
0.106214	1	4	4	3.36092e-11	70854.5	0
0.107214	1	1	2	6.77976e-11	142930	0
0.107214	1	2	1	3.36092e-11	70854.5	0
0.107214	1	3	3	3.36092e-11	70854.5	0
0.107214	1	4	4	3.36092e-11	70854.5	0
0.108214	1	1	2	6.7803e-11	142941	0
0.108214	1	2	1	3.36092e-11	70854.5	0
0.108214	1	3	3	3.36092e-11	70854.5	0
0.108214	1	4	4	3.36092e-11	70854.5	0
0.109214	1	1	2	6.78085e-11	142953	0
0.109214	1	2	1	3.36092e-11	70854.5	0
0.109214	1	3	3	3.36092e-11	70854.5	0
0.109214	1	4	4	3.36092e-11	70854.5	0
0.110214	1	1	2	6.78139e-11	142964	0
0.110214	1	2	1	3.36092e-11	70854.5	0
0.110214	1	3	3	3.36092e-11	70854.5	0
0.110214	1	4	4	3.36092e-11	70854.5	0
0.111214	1	1	2	6.78194e-11	142976	0
0.111214	1	2	1	3.36092e-11	70854.5	0
0.111214	1	3	3	3.36092e-11	70854.5	0
0.111214	1	4	4	3.36092e-11	70854.5	0
0.112214	1	1	2	6.78248e-11	142987	0
0.112214	1	2	1	3.36092e-11	70854.5	0
0.112214	1	3	3	3.36092e-11	70854.5	0
0.112214	1	4	4	3.36092e-11	70854.5	0
0.113214	1	1	2	6.78303e-11	142999	0
0.113214	1	2	1	3.36092e-11	70854.5	0
0.113214	1	3	3	3.36092e-11	70854.5	0
0.113214	1	4	4	3.36092e-11	70854.5	0
0.114214	1	1	2	6.78357e-11	143010	0
0.114214	1	2	1	3.36092e-11	70854.5	0
0.114214	1	3	3	3.36092e-11	70854.5	0
0.114214	1	4	4	3.36092e-11	70854.5	0
0.115214	1	1	2	6.78412e-11	143022	0
0.115214	1	2	1	3.36092e-11	70854.5	0
0.115214	1	3	3	3.36092e-11	70854.5	0
0.115214	1	4	4	3.36092e-11	70854.5	0
0.116214	1	1	2	6.78466e-11	143033	0
0.116214	1	2	1	3.36092e-11	70854.5	0
0.116214	1	3	3	3.36092e-11	70854.5	0
0.116214	1	4	4	3.36092e-11	70854.5	0
0.117214	1	1	2	6.78521e-11	143045	0
0.117214	1	2	1	3.36092e-11	70854.5	0
0.117214	1	3	3	3.36092e-11	70854.5	0
0.117214	1	4	4	3.36092e-11	70854.5	0
0.118214	1	1	2	6.78575e-11	143056	0
0.118214	1	2	1	3.36092e-11	70854.5	0
0.118214	1	3	3	3.36092e-11	70854.5	0
0.118214	1	4	4	3.36092e-11	70854.5	0
0.119214	1	1	2	6.7863e-11	143068	0
0.119214	1	2	1	3.36092e-11	70854.5	0
0.119214	1	3	3	3.36092e-11	70854.5	0
0.119214	1	4	4	3.36092e-11	70854.5	0
0.120214	1	1	2	6.78685e-11	143079	0
0.120214	1	2	1	3.36092e-11	70854.5	0
0.120214	1	3	3	3.36092e-11	70854.5	0
0.120214	1	4	4	3.36092e-11	70854.5	0
0.121214	1	1	2	6.78739e-11	143091	0
0.121214	1	2	1	3.36092e-11	70854.5	0
0.121214	1	3	3	3.36092e-11	70854.5	0
0.121214	1	4	4	3.36092e-11	70854.5	0
0.122214	1	1	2	6.78794e-11	143102	0
0.122214	1	2	1	3.36092e-11	70854.5	0
0.122214	1	3	3	3.36092e-11	70854.5	0
0.122214	1	4	4	3.36092e-11	70854.5	0
0.123214	1	1	2	6.78848e-11	143114	0
0.123214	1	2	1	3.36092e-11	70854.5	0
0.123214	1	3	3	3.36092e-11	70854.5	0
0.123214	1	4	4	3.36092e-11	70854.5	0
0.124214	1	1	2	6.78903e-11	143125	0
0.124214	1	2	1	3.36092e-11	70854.5	0
0.124214	1	3	3	3.36092e-11	70854.5	0
0.124214	1	4	4	3.36092e-11	70854.5	0
0.125214	1	1	2	6.78957e-11	143137	0
0.125214	1	2	1	3.36092e-11	70854.5	0
0.125214	1	3	3	3.36092e-11	70854.5	0
0.125214	1	4	4	3.36092e-11	70854.5	0
0.126214	1	1	2	6.79012e-11	143148	0
0.126214	1	2	1	3.36092e-11	70854.5	0
0.126214	1	3	3	3.36092e-11	70854.5	0
0.126214	1	4	4	3.36092e-11	70854.5	0
0.127214	1	1	2	6.79067e-11	143160	0
0.127214	1	2	1	3.36092e-11	70854.5	0
0.127214	1	3	3	3.36092e-11	70854.5	0
0.127214	1	4	4	3.36092e-11	70854.5	0
0.128214	1	1	2	6.79121e-11	143171	0
0.128214	1	2	1	3.36092e-11	70854.5	0
0.128214	1	3	3	3.36092e-11	70854.5	0
0.128214	1	4	4	3.36092e-11	70854.5	0
0.129214	1	1	2	6.79176e-11	143183	0
0.129214	1	2	1	3.36092e-11	70854.5	0
0.129214	1	3	3	3.36092e-11	70854.5	0
0.129214	1	4	4	3.36092e-11	70854.5	0
0.130214	1	1	2	6.7923e-11	143194	0
0.130214	1	2	1	3.36092e-11	70854.5	0
0.130214	1	3	3	3.36092e-11	70854.5	0
0.130214	1	4	4	3.36092e-11	70854.5	0
0.131214	1	1	2	6.79285e-11	143206	0
0.131214	1	2	1	3.36092e-11	70854.5	0
0.131214	1	3	3	3.36092e-11	70854.5	0
0.131214	1	4	4	3.36092e-11	70854.5	0
0.132214	1	1	2	6.7934e-11	143217	0
0.132214	1	2	1	3.36092e-11	70854.5	0
0.132214	1	3	3	3.36092e-11	70854.5	0
0.132214	1	4	4	3.36092e-11	70854.5	0
0.133214	1	1	2	6.79394e-11	143229	0
0.133214	1	2	1	3.36092e-11	70854.5	0
0.133214	1	3	3	3.36092e-11	70854.5	0
0.133214	1	4	4	3.36092e-11	70854.5	0
0.134214	1	1	2	6.79449e-11	143240	0
0.134214	1	2	1	3.36092e-11	70854.5	0
0.134214	1	3	3	3.36092e-11	70854.5	0
0.134214	1	4	4	3.36092e-11	70854.5	0
0.135214	1	1	2	6.79504e-11	143252	0
0.135214	1	2	1	3.36092e-11	70854.5	0
0.135214	1	3	3	3.36092e-11	70854.5	0
0.135214	1	4	4	3.36092e-11	70854.5	0
0.136214	1	1	2	6.79558e-11	143263	0
0.136214	1	2	1	3.36092e-11	70854.5	0
0.136214	1	3	3	3.36092e-11	70854.5	0
0.136214	1	4	4	3.36092e-11	70854.5	0
0.137214	1	1	2	6.79613e-11	143275	0
0.137214	1	2	1	3.36092e-11	70854.5	0
0.137214	1	3	3	3.36092e-11	70854.5	0
0.137214	1	4	4	3.36092e-11	70854.5	0
0.138214	1	1	2	6.79668e-11	143287	0
0.138214	1	2	1	3.36092e-11	70854.5	0
0.138214	1	3	3	3.36092e-11	70854.5	0
0.138214	1	4	4	3.36092e-11	70854.5	0
0.139214	1	1	2	6.79722e-11	143298	0
0.139214	1	2	1	3.36092e-11	70854.5	0
0.139214	1	3	3	3.36092e-11	70854.5	0
0.139214	1	4	4	3.36092e-11	70854.5	0
0.140214	1	1	2	6.79777e-11	143310	0
0.140214	1	2	1	3.36092e-11	70854.5	0
0.140214	1	3	3	3.36092e-11	70854.5	0
0.140214	1	4	4	3.36092e-11	70854.5	0
0.141214	1	1	2	6.79832e-11	143321	0
0.141214	1	2	1	3.36092e-11	70854.5	0
0.141214	1	3	3	3.36092e-11	70854.5	0
0.141214	1	4	4	3.36092e-11	70854.5	0
0.142214	1	1	2	6.79886e-11	143333	0
0.142214	1	2	1	3.36092e-11	70854.5	0
0.142214	1	3	3	3.36092e-11	70854.5	0
0.142214	1	4	4	3.36092e-11	70854.5	0
0.143214	1	1	2	6.79941e-11	143344	0
0.143214	1	2	1	3.36092e-11	70854.5	0
0.143214	1	3	3	3.36092e-11	70854.5	0
0.143214	1	4	4	3.36092e-11	70854.5	0
0.144214	1	1	2	6.79996e-11	143356	0
0.144214	1	2	1	3.36092e-11	70854.5	0
0.144214	1	3	3	3.36092e-11	70854.5	0
0.144214	1	4	4	3.36092e-11	70854.5	0
0.145214	1	1	2	6.80051e-11	143367	0
0.145214	1	2	1	3.36092e-11	70854.5	0
0.145214	1	3	3	3.36092e-11	70854.5	0
0.145214	1	4	4	3.36092e-11	70854.5	0
0.146214	1	1	2	6.80105e-11	143379	0
0.146214	1	2	1	3.36092e-11	70854.5	0
0.146214	1	3	3	3.36092e-11	70854.5	0
0.146214	1	4	4	3.36092e-11	70854.5	0
0.147214	1	1	2	6.8016e-11	143390	0
0.147214	1	2	1	3.36092e-11	70854.5	0
0.147214	1	3	3	3.36092e-11	70854.5	0
0.147214	1	4	4	3.36092e-11	70854.5	0
0.148214	1	1	2	6.80215e-11	143402	0
0.148214	1	2	1	3.36092e-11	70854.5	0
0.148214	1	3	3	3.36092e-11	70854.5	0
0.148214	1	4	4	3.36092e-11	70854.5	0
0.149214	1	1	2	6.80269e-11	143413	0
0.149214	1	2	1	3.36092e-11	70854.5	0
0.149214	1	3	3	3.36092e-11	70854.5	0
0.149214	1	4	4	3.36092e-11	70854.5	0
0.150214	1	1	2	6.80324e-11	143425	0
0.150214	1	2	1	3.36092e-11	70854.5	0
0.150214	1	3	3	3.36092e-11	70854.5	0
0.150214	1	4	4	3.36092e-11	70854.5	0
0.151214	1	1	2	6.80379e-11	143436	0
0.151214	1	2	1	3.36092e-11	70854.5	0
0.151214	1	3	3	3.36092e-11	70854.5	0
0.151214	1	4	4	3.36092e-11	70854.5	0
0.152214	1	1	2	6.80434e-11	143448	0
0.152214	1	2	1	3.36092e-11	70854.5	0
0.152214	1	3	3	3.36092e-11	70854.5	0
0.152214	1	4	4	3.36092e-11	70854.5	0
0.153214	1	1	2	6.80488e-11	143460	0
0.153214	1	2	1	3.36092e-11	70854.5	0
0.153214	1	3	3	3.36092e-11	70854.5	0
0.153214	1	4	4	3.36092e-11	70854.5	0
0.154214	1	1	2	6.80543e-11	143471	0
0.154214	1	2	1	3.36092e-11	70854.5	0
0.154214	1	3	3	3.36092e-11	70854.5	0
0.154214	1	4	4	3.36092e-11	70854.5	0
0.155214	1	1	2	6.80598e-11	143483	0
0.155214	1	2	1	3.36092e-11	70854.5	0
0.155214	1	3	3	3.36092e-11	70854.5	0
0.155214	1	4	4	3.36092e-11	70854.5	0
0.156214	1	1	2	6.80653e-11	143494	0
0.156214	1	2	1	3.36092e-11	70854.5	0
0.156214	1	3	3	3.36092e-11	70854.5	0
0.156214	1	4	4	3.36092e-11	70854.5	0
0.157214	1	1	2	6.80708e-11	143506	0
0.157214	1	2	1	3.36092e-11	70854.5	0
0.157214	1	3	3	3.36092e-11	70854.5	0
0.157214	1	4	4	3.36092e-11	70854.5	0
0.158214	1	1	2	6.80762e-11	143517	0
0.158214	1	2	1	3.36092e-11	70854.5	0
0.158214	1	3	3	3.36092e-11	70854.5	0
0.158214	1	4	4	3.36092e-11	70854.5	0
0.159214	1	1	2	6.80817e-11	143529	0
0.159214	1	2	1	3.36092e-11	70854.5	0
0.159214	1	3	3	3.36092e-11	70854.5	0
0.159214	1	4	4	3.36092e-11	70854.5	0
0.160214	1	1	2	6.80872e-11	143540	0
0.160214	1	2	1	3.36092e-11	70854.5	0
0.160214	1	3	3	3.36092e-11	70854.5	0
0.160214	1	4	4	3.36092e-11	70854.5	0
0.161214	1	1	2	6.80927e-11	143552	0
0.161214	1	2	1	3.36092e-11	70854.5	0
0.161214	1	3	3	3.36092e-11	70854.5	0
0.161214	1	4	4	3.36092e-11	70854.5	0
0.162214	1	1	2	6.80982e-11	143564	0
0.162214	1	2	1	3.36092e-11	70854.5	0
0.162214	1	3	3	3.36092e-11	70854.5	0
0.162214	1	4	4	3.36092e-11	70854.5	0
0.163214	1	1	2	6.81037e-11	143575	0
0.163214	1	2	1	3.36092e-11	70854.5	0
0.163214	1	3	3	3.36092e-11	70854.5	0
0.163214	1	4	4	3.36092e-11	70854.5	0
0.164214	1	1	2	6.81091e-11	143587	0
0.164214	1	2	1	3.36092e-11	70854.5	0
0.164214	1	3	3	3.36092e-11	70854.5	0
0.164214	1	4	4	3.36092e-11	70854.5	0
0.165214	1	1	2	6.81146e-11	143598	0
0.165214	1	2	1	3.36092e-11	70854.5	0
0.165214	1	3	3	3.36092e-11	70854.5	0
0.165214	1	4	4	3.36092e-11	70854.5	0
0.166214	1	1	2	6.81201e-11	143610	0
0.166214	1	2	1	3.36092e-11	70854.5	0
0.166214	1	3	3	3.36092e-11	70854.5	0
0.166214	1	4	4	3.36092e-11	70854.5	0
0.167214	1	1	2	6.81256e-11	143621	0
0.167214	1	2	1	3.36092e-11	70854.5	0
0.167214	1	3	3	3.36092e-11	70854.5	0
0.167214	1	4	4	3.36092e-11	70854.5	0
0.168214	1	1	2	6.81311e-11	143633	0
0.168214	1	2	1	3.36092e-11	70854.5	0
0.168214	1	3	3	3.36092e-11	70854.5	0
0.168214	1	4	4	3.36092e-11	70854.5	0
0.169214	1	1	2	6.81366e-11	143645	0
0.169214	1	2	1	3.36092e-11	70854.5	0
0.169214	1	3	3	3.36092e-11	70854.5	0
0.169214	1	4	4	3.36092e-11	70854.5	0
0.170214	1	1	2	6.81421e-11	143656	0
0.170214	1	2	1	3.36092e-11	70854.5	0
0.170214	1	3	3	3.36092e-11	70854.5	0
0.170214	1	4	4	3.36092e-11	70854.5	0
0.171214	1	1	2	6.81476e-11	143668	0
0.171214	1	2	1	3.36092e-11	70854.5	0
0.171214	1	3	3	3.36092e-11	70854.5	0
0.171214	1	4	4	3.36092e-11	70854.5	0
0.172214	1	1	2	6.8153e-11	143679	0
0.172214	1	2	1	3.36092e-11	70854.5	0
0.172214	1	3	3	3.36092e-11	70854.5	0
0.172214	1	4	4	3.36092e-11	70854.5	0
0.173214	1	1	2	6.81585e-11	143691	0
0.173214	1	2	1	3.36092e-11	70854.5	0
0.173214	1	3	3	3.36092e-11	70854.5	0
0.173214	1	4	4	3.36092e-11	70854.5	0
0.174214	1	1	2	6.8164e-11	143702	0
0.174214	1	2	1	3.36092e-11	70854.5	0
0.174214	1	3	3	3.36092e-11	70854.5	0
0.174214	1	4	4	3.36092e-11	70854.5	0
0.175214	1	1	2	6.81695e-11	143714	0
0.175214	1	2	1	3.36092e-11	70854.5	0
0.175214	1	3	3	3.36092e-11	70854.5	0
0.175214	1	4	4	3.36092e-11	70854.5	0
0.176214	1	1	2	6.8175e-11	143726	0
0.176214	1	2	1	3.36092e-11	70854.5	0
0.176214	1	3	3	3.36092e-11	70854.5	0
0.176214	1	4	4	3.36092e-11	70854.5	0
0.177214	1	1	2	6.81805e-11	143737	0
0.177214	1	2	1	3.36092e-11	70854.5	0
0.177214	1	3	3	3.36092e-11	70854.5	0
0.177214	1	4	4	3.36092e-11	70854.5	0
0.178214	1	1	2	6.8186e-11	143749	0
0.178214	1	2	1	3.36092e-11	70854.5	0
0.178214	1	3	3	3.36092e-11	70854.5	0
0.178214	1	4	4	3.36092e-11	70854.5	0
0.179214	1	1	2	6.81915e-11	143760	0
0.179214	1	2	1	3.36092e-11	70854.5	0
0.179214	1	3	3	3.36092e-11	70854.5	0
0.179214	1	4	4	3.36092e-11	70854.5	0
0.180214	1	1	2	6.8197e-11	143772	0
0.180214	1	2	1	3.36092e-11	70854.5	0
0.180214	1	3	3	3.36092e-11	70854.5	0
0.180214	1	4	4	3.36092e-11	70854.5	0
0.181214	1	1	2	6.82025e-11	143783	0
0.181214	1	2	1	3.36092e-11	70854.5	0
0.181214	1	3	3	3.36092e-11	70854.5	0
0.181214	1	4	4	3.36092e-11	70854.5	0
0.182214	1	1	2	6.8208e-11	143795	0
0.182214	1	2	1	3.36092e-11	70854.5	0
0.182214	1	3	3	3.36092e-11	70854.5	0
0.182214	1	4	4	3.36092e-11	70854.5	0
0.183214	1	1	2	6.82135e-11	143807	0
0.183214	1	2	1	3.36092e-11	70854.5	0
0.183214	1	3	3	3.36092e-11	70854.5	0
0.183214	1	4	4	3.36092e-11	70854.5	0
0.184214	1	1	2	6.8219e-11	143818	0
0.184214	1	2	1	3.36092e-11	70854.5	0
0.184214	1	3	3	3.36092e-11	70854.5	0
0.184214	1	4	4	3.36092e-11	70854.5	0
0.185214	1	1	2	6.82245e-11	143830	0
0.185214	1	2	1	3.36092e-11	70854.5	0
0.185214	1	3	3	3.36092e-11	70854.5	0
0.185214	1	4	4	3.36092e-11	70854.5	0
0.186214	1	1	2	6.823e-11	143841	0
0.186214	1	2	1	3.36092e-11	70854.5	0
0.186214	1	3	3	3.36092e-11	70854.5	0
0.186214	1	4	4	3.36092e-11	70854.5	0
0.187214	1	1	2	6.82355e-11	143853	0
0.187214	1	2	1	3.36092e-11	70854.5	0
0.187214	1	3	3	3.36092e-11	70854.5	0
0.187214	1	4	4	3.36092e-11	70854.5	0
0.188214	1	1	2	6.8241e-11	143865	0
0.188214	1	2	1	3.36092e-11	70854.5	0
0.188214	1	3	3	3.36092e-11	70854.5	0
0.188214	1	4	4	3.36092e-11	70854.5	0
0.189214	1	1	2	6.82465e-11	143876	0
0.189214	1	2	1	3.36092e-11	70854.5	0
0.189214	1	3	3	3.36092e-11	70854.5	0
0.189214	1	4	4	3.36092e-11	70854.5	0
0.190214	1	1	2	6.8252e-11	143888	0
0.190214	1	2	1	3.36092e-11	70854.5	0
0.190214	1	3	3	3.36092e-11	70854.5	0
0.190214	1	4	4	3.36092e-11	70854.5	0
0.191214	1	1	2	6.82575e-11	143899	0
0.191214	1	2	1	3.36092e-11	70854.5	0
0.191214	1	3	3	3.36092e-11	70854.5	0
0.191214	1	4	4	3.36092e-11	70854.5	0
0.192214	1	1	2	6.8263e-11	143911	0
0.192214	1	2	1	3.36092e-11	70854.5	0
0.192214	1	3	3	3.36092e-11	70854.5	0
0.192214	1	4	4	3.36092e-11	70854.5	0
0.193214	1	1	2	6.82685e-11	143923	0
0.193214	1	2	1	3.36092e-11	70854.5	0
0.193214	1	3	3	3.36092e-11	70854.5	0
0.193214	1	4	4	3.36092e-11	70854.5	0
0.194214	1	1	2	6.8274e-11	143934	0
0.194214	1	2	1	3.36092e-11	70854.5	0
0.194214	1	3	3	3.36092e-11	70854.5	0
0.194214	1	4	4	3.36092e-11	70854.5	0
0.195214	1	1	2	6.82795e-11	143946	0
0.195214	1	2	1	3.36092e-11	70854.5	0
0.195214	1	3	3	3.36092e-11	70854.5	0
0.195214	1	4	4	3.36092e-11	70854.5	0
0.196214	1	1	2	6.8285e-11	143957	0
0.196214	1	2	1	3.36092e-11	70854.5	0
0.196214	1	3	3	3.36092e-11	70854.5	0
0.196214	1	4	4	3.36092e-11	70854.5	0
0.197214	1	1	2	6.82905e-11	143969	0
0.197214	1	2	1	3.36092e-11	70854.5	0
0.197214	1	3	3	3.36092e-11	70854.5	0
0.197214	1	4	4	3.36092e-11	70854.5	0
0.198214	1	1	2	6.8296e-11	143981	0
0.198214	1	2	1	3.36092e-11	70854.5	0
0.198214	1	3	3	3.36092e-11	70854.5	0
0.198214	1	4	4	3.36092e-11	70854.5	0
0.199214	1	1	2	6.83015e-11	143992	0
0.199214	1	2	1	3.36092e-11	70854.5	0
0.199214	1	3	3	3.36092e-11	70854.5	0
0.199214	1	4	4	3.36092e-11	70854.5	0
0.200214	1	1	2	6.8307e-11	144004	0
0.200214	1	2	1	3.36092e-11	70854.5	0
0.200214	1	3	3	3.36092e-11	70854.5	0
0.200214	1	4	4	3.36092e-11	70854.5	0
0.201214	1	1	2	6.83125e-11	144015	0
0.201214	1	2	1	3.36092e-11	70854.5	0
0.201214	1	3	3	3.36092e-11	70854.5	0
0.201214	1	4	4	3.36092e-11	70854.5	0
0.202214	1	1	2	6.8318e-11	144027	0
0.202214	1	2	1	3.36092e-11	70854.5	0
0.202214	1	3	3	3.36092e-11	70854.5	0
0.202214	1	4	4	3.36092e-11	70854.5	0
0.203214	1	1	2	6.83236e-11	144039	0
0.203214	1	2	1	3.36092e-11	70854.5	0
0.203214	1	3	3	3.36092e-11	70854.5	0
0.203214	1	4	4	3.36092e-11	70854.5	0
0.204214	1	1	2	6.83291e-11	144050	0
0.204214	1	2	1	3.36092e-11	70854.5	0
0.204214	1	3	3	3.36092e-11	70854.5	0
0.204214	1	4	4	3.36092e-11	70854.5	0
0.205214	1	1	2	6.83346e-11	144062	0
0.205214	1	2	1	3.36092e-11	70854.5	0
0.205214	1	3	3	3.36092e-11	70854.5	0
0.205214	1	4	4	3.36092e-11	70854.5	0
0.206214	1	1	2	6.83401e-11	144074	0
0.206214	1	2	1	3.36092e-11	70854.5	0
0.206214	1	3	3	3.36092e-11	70854.5	0
0.206214	1	4	4	3.36092e-11	70854.5	0
0.207214	1	1	2	6.83456e-11	144085	0
0.207214	1	2	1	3.36092e-11	70854.5	0
0.207214	1	3	3	3.36092e-11	70854.5	0
0.207214	1	4	4	3.36092e-11	70854.5	0
0.208214	1	1	2	6.83511e-11	144097	0
0.208214	1	2	1	3.36092e-11	70854.5	0
0.208214	1	3	3	3.36092e-11	70854.5	0
0.208214	1	4	4	3.36092e-11	70854.5	0
0.209214	1	1	2	6.83566e-11	144108	0
0.209214	1	2	1	3.36092e-11	70854.5	0
0.209214	1	3	3	3.36092e-11	70854.5	0
0.209214	1	4	4	3.36092e-11	70854.5	0
0.210214	1	1	2	6.83621e-11	144120	0
0.210214	1	2	1	3.36092e-11	70854.5	0
0.210214	1	3	3	3.36092e-11	70854.5	0
0.210214	1	4	4	3.36092e-11	70854.5	0
0.211214	1	1	2	6.83677e-11	144132	0
0.211214	1	2	1	3.36092e-11	70854.5	0
0.211214	1	3	3	3.36092e-11	70854.5	0
0.211214	1	4	4	3.36092e-11	70854.5	0
0.212214	1	1	2	6.83732e-11	144143	0
0.212214	1	2	1	3.36092e-11	70854.5	0
0.212214	1	3	3	3.36092e-11	70854.5	0
0.212214	1	4	4	3.36092e-11	70854.5	0
0.213214	1	1	2	6.83787e-11	144155	0
0.213214	1	2	1	3.36092e-11	70854.5	0
0.213214	1	3	3	3.36092e-11	70854.5	0
0.213214	1	4	4	3.36092e-11	70854.5	0
0.214214	1	1	2	6.83842e-11	144167	0
0.214214	1	2	1	3.36092e-11	70854.5	0
0.214214	1	3	3	3.36092e-11	70854.5	0
0.214214	1	4	4	3.36092e-11	70854.5	0
0.215214	1	1	2	6.83897e-11	144178	0
0.215214	1	2	1	3.36092e-11	70854.5	0
0.215214	1	3	3	3.36092e-11	70854.5	0
0.215214	1	4	4	3.36092e-11	70854.5	0
0.216214	1	1	2	6.83952e-11	144190	0
0.216214	1	2	1	3.36092e-11	70854.5	0
0.216214	1	3	3	3.36092e-11	70854.5	0
0.216214	1	4	4	3.36092e-11	70854.5	0
0.217214	1	1	2	6.84008e-11	144201	0
0.217214	1	2	1	3.36092e-11	70854.5	0
0.217214	1	3	3	3.36092e-11	70854.5	0
0.217214	1	4	4	3.36092e-11	70854.5	0
0.218214	1	1	2	6.84063e-11	144213	0
0.218214	1	2	1	3.36092e-11	70854.5	0
0.218214	1	3	3	3.36092e-11	70854.5	0
0.218214	1	4	4	3.36092e-11	70854.5	0
0.219214	1	1	2	6.84118e-11	144225	0
0.219214	1	2	1	3.36092e-11	70854.5	0
0.219214	1	3	3	3.36092e-11	70854.5	0
0.219214	1	4	4	3.36092e-11	70854.5	0
0.220214	1	1	2	6.84173e-11	144236	0
0.220214	1	2	1	3.36092e-11	70854.5	0
0.220214	1	3	3	3.36092e-11	70854.5	0
0.220214	1	4	4	3.36092e-11	70854.5	0
0.221214	1	1	2	6.84228e-11	144248	0
0.221214	1	2	1	3.36092e-11	70854.5	0
0.221214	1	3	3	3.36092e-11	70854.5	0
0.221214	1	4	4	3.36092e-11	70854.5	0
0.222214	1	1	2	6.84284e-11	144260	0
0.222214	1	2	1	3.36092e-11	70854.5	0
0.222214	1	3	3	3.36092e-11	70854.5	0
0.222214	1	4	4	3.36092e-11	70854.5	0
0.223214	1	1	2	6.84339e-11	144271	0
0.223214	1	2	1	3.36092e-11	70854.5	0
0.223214	1	3	3	3.36092e-11	70854.5	0
0.223214	1	4	4	3.36092e-11	70854.5	0
0.224214	1	1	2	6.84394e-11	144283	0
0.224214	1	2	1	3.36092e-11	70854.5	0
0.224214	1	3	3	3.36092e-11	70854.5	0
0.224214	1	4	4	3.36092e-11	70854.5	0
0.225214	1	1	2	6.84449e-11	144295	0
0.225214	1	2	1	3.36092e-11	70854.5	0
0.225214	1	3	3	3.36092e-11	70854.5	0
0.225214	1	4	4	3.36092e-11	70854.5	0
0.226214	1	1	2	6.84505e-11	144306	0
0.226214	1	2	1	3.36092e-11	70854.5	0
0.226214	1	3	3	3.36092e-11	70854.5	0
0.226214	1	4	4	3.36092e-11	70854.5	0
0.227214	1	1	2	6.8456e-11	144318	0
0.227214	1	2	1	3.36092e-11	70854.5	0
0.227214	1	3	3	3.36092e-11	70854.5	0
0.227214	1	4	4	3.36092e-11	70854.5	0
0.228214	1	1	2	6.84615e-11	144330	0
0.228214	1	2	1	3.36092e-11	70854.5	0
0.228214	1	3	3	3.36092e-11	70854.5	0
0.228214	1	4	4	3.36092e-11	70854.5	0
0.229214	1	1	2	6.84671e-11	144341	0
0.229214	1	2	1	3.36092e-11	70854.5	0
0.229214	1	3	3	3.36092e-11	70854.5	0
0.229214	1	4	4	3.36092e-11	70854.5	0
0.230214	1	1	2	6.84726e-11	144353	0
0.230214	1	2	1	3.36092e-11	70854.5	0
0.230214	1	3	3	3.36092e-11	70854.5	0
0.230214	1	4	4	3.36092e-11	70854.5	0
0.231214	1	1	2	6.84781e-11	144365	0
0.231214	1	2	1	3.36092e-11	70854.5	0
0.231214	1	3	3	3.36092e-11	70854.5	0
0.231214	1	4	4	3.36092e-11	70854.5	0
0.232214	1	1	2	6.84836e-11	144376	0
0.232214	1	2	1	3.36092e-11	70854.5	0
0.232214	1	3	3	3.36092e-11	70854.5	0
0.232214	1	4	4	3.36092e-11	70854.5	0
0.233214	1	1	2	6.84892e-11	144388	0
0.233214	1	2	1	3.36092e-11	70854.5	0
0.233214	1	3	3	3.36092e-11	70854.5	0
0.233214	1	4	4	3.36092e-11	70854.5	0
0.234214	1	1	2	6.84947e-11	144400	0
0.234214	1	2	1	3.36092e-11	70854.5	0
0.234214	1	3	3	3.36092e-11	70854.5	0
0.234214	1	4	4	3.36092e-11	70854.5	0
0.235214	1	1	2	6.85002e-11	144411	0
0.235214	1	2	1	3.36092e-11	70854.5	0
0.235214	1	3	3	3.36092e-11	70854.5	0
0.235214	1	4	4	3.36092e-11	70854.5	0
0.236214	1	1	2	6.85058e-11	144423	0
0.236214	1	2	1	3.36092e-11	70854.5	0
0.236214	1	3	3	3.36092e-11	70854.5	0
0.236214	1	4	4	3.36092e-11	70854.5	0
0.237214	1	1	2	6.85113e-11	144434	0
0.237214	1	2	1	3.36092e-11	70854.5	0
0.237214	1	3	3	3.36092e-11	70854.5	0
0.237214	1	4	4	3.36092e-11	70854.5	0
0.238214	1	1	2	6.85168e-11	144446	0
0.238214	1	2	1	3.36092e-11	70854.5	0
0.238214	1	3	3	3.36092e-11	70854.5	0
0.238214	1	4	4	3.36092e-11	70854.5	0
0.239214	1	1	2	6.85224e-11	144458	0
0.239214	1	2	1	3.36092e-11	70854.5	0
0.239214	1	3	3	3.36092e-11	70854.5	0
0.239214	1	4	4	3.36092e-11	70854.5	0
0.240214	1	1	2	6.85279e-11	144470	0
0.240214	1	2	1	3.36092e-11	70854.5	0
0.240214	1	3	3	3.36092e-11	70854.5	0
0.240214	1	4	4	3.36092e-11	70854.5	0
0.241214	1	1	2	6.85334e-11	144481	0
0.241214	1	2	1	3.36092e-11	70854.5	0
0.241214	1	3	3	3.36092e-11	70854.5	0
0.241214	1	4	4	3.36092e-11	70854.5	0
0.242214	1	1	2	6.8539e-11	144493	0
0.242214	1	2	1	3.36092e-11	70854.5	0
0.242214	1	3	3	3.36092e-11	70854.5	0
0.242214	1	4	4	3.36092e-11	70854.5	0
0.243214	1	1	2	6.85445e-11	144505	0
0.243214	1	2	1	3.36092e-11	70854.5	0
0.243214	1	3	3	3.36092e-11	70854.5	0
0.243214	1	4	4	3.36092e-11	70854.5	0
0.244214	1	1	2	6.855e-11	144516	0
0.244214	1	2	1	3.36092e-11	70854.5	0
0.244214	1	3	3	3.36092e-11	70854.5	0
0.244214	1	4	4	3.36092e-11	70854.5	0
0.245214	1	1	2	6.85556e-11	144528	0
0.245214	1	2	1	3.36092e-11	70854.5	0
0.245214	1	3	3	3.36092e-11	70854.5	0
0.245214	1	4	4	3.36092e-11	70854.5	0
0.246214	1	1	2	6.85611e-11	144540	0
0.246214	1	2	1	3.36092e-11	70854.5	0
0.246214	1	3	3	3.36092e-11	70854.5	0
0.246214	1	4	4	3.36092e-11	70854.5	0
0.247214	1	1	2	6.85667e-11	144551	0
0.247214	1	2	1	3.36092e-11	70854.5	0
0.247214	1	3	3	3.36092e-11	70854.5	0
0.247214	1	4	4	3.36092e-11	70854.5	0
0.248214	1	1	2	6.85722e-11	144563	0
0.248214	1	2	1	3.36092e-11	70854.5	0
0.248214	1	3	3	3.36092e-11	70854.5	0
0.248214	1	4	4	3.36092e-11	70854.5	0
0.249214	1	1	2	6.85777e-11	144575	0
0.249214	1	2	1	3.36092e-11	70854.5	0
0.249214	1	3	3	3.36092e-11	70854.5	0
0.249214	1	4	4	3.36092e-11	70854.5	0
0.250214	1	1	2	6.85833e-11	144586	0
0.250214	1	2	1	3.36092e-11	70854.5	0
0.250214	1	3	3	3.36092e-11	70854.5	0
0.250214	1	4	4	3.36092e-11	70854.5	0
0.251214	1	1	2	6.85888e-11	144598	0
0.251214	1	2	1	3.36092e-11	70854.5	0
0.251214	1	3	3	3.36092e-11	70854.5	0
0.251214	1	4	4	3.36092e-11	70854.5	0
0.252214	1	1	2	6.85944e-11	144610	0
0.252214	1	2	1	3.36092e-11	70854.5	0
0.252214	1	3	3	3.36092e-11	70854.5	0
0.252214	1	4	4	3.36092e-11	70854.5	0
0.253214	1	1	2	6.85999e-11	144621	0
0.253214	1	2	1	3.36092e-11	70854.5	0
0.253214	1	3	3	3.36092e-11	70854.5	0
0.253214	1	4	4	3.36092e-11	70854.5	0
0.254214	1	1	2	6.86055e-11	144633	0
0.254214	1	2	1	3.36092e-11	70854.5	0
0.254214	1	3	3	3.36092e-11	70854.5	0
0.254214	1	4	4	3.36092e-11	70854.5	0
0.255214	1	1	2	6.8611e-11	144645	0
0.255214	1	2	1	3.36092e-11	70854.5	0
0.255214	1	3	3	3.36092e-11	70854.5	0
0.255214	1	4	4	3.36092e-11	70854.5	0
0.256214	1	1	2	6.86166e-11	144656	0
0.256214	1	2	1	3.36092e-11	70854.5	0
0.256214	1	3	3	3.36092e-11	70854.5	0
0.256214	1	4	4	3.36092e-11	70854.5	0
0.257214	1	1	2	6.86221e-11	144668	0
0.257214	1	2	1	3.36092e-11	70854.5	0
0.257214	1	3	3	3.36092e-11	70854.5	0
0.257214	1	4	4	3.36092e-11	70854.5	0
0.258214	1	1	2	6.86276e-11	144680	0
0.258214	1	2	1	3.36092e-11	70854.5	0
0.258214	1	3	3	3.36092e-11	70854.5	0
0.258214	1	4	4	3.36092e-11	70854.5	0
0.259214	1	1	2	6.86332e-11	144691	0
0.259214	1	2	1	3.36092e-11	70854.5	0
0.259214	1	3	3	3.36092e-11	70854.5	0
0.259214	1	4	4	3.36092e-11	70854.5	0
0.260214	1	1	2	6.86387e-11	144703	0
0.260214	1	2	1	3.36092e-11	70854.5	0
0.260214	1	3	3	3.36092e-11	70854.5	0
0.260214	1	4	4	3.36092e-11	70854.5	0
0.261214	1	1	2	6.86443e-11	144715	0
0.261214	1	2	1	3.36092e-11	70854.5	0
0.261214	1	3	3	3.36092e-11	70854.5	0
0.261214	1	4	4	3.36092e-11	70854.5	0
0.262214	1	1	2	6.86498e-11	144727	0
0.262214	1	2	1	3.36092e-11	70854.5	0
0.262214	1	3	3	3.36092e-11	70854.5	0
0.262214	1	4	4	3.36092e-11	70854.5	0
0.263214	1	1	2	6.86554e-11	144738	0
0.263214	1	2	1	3.36092e-11	70854.5	0
0.263214	1	3	3	3.36092e-11	70854.5	0
0.263214	1	4	4	3.36092e-11	70854.5	0
0.264214	1	1	2	6.86609e-11	144750	0
0.264214	1	2	1	3.36092e-11	70854.5	0
0.264214	1	3	3	3.36092e-11	70854.5	0
0.264214	1	4	4	3.36092e-11	70854.5	0
0.265214	1	1	2	6.86665e-11	144762	0
0.265214	1	2	1	3.36092e-11	70854.5	0
0.265214	1	3	3	3.36092e-11	70854.5	0
0.265214	1	4	4	3.36092e-11	70854.5	0
0.266214	1	1	2	6.8672e-11	144773	0
0.266214	1	2	1	3.36092e-11	70854.5	0
0.266214	1	3	3	3.36092e-11	70854.5	0
0.266214	1	4	4	3.36092e-11	70854.5	0
0.267214	1	1	2	6.86776e-11	144785	0
0.267214	1	2	1	3.36092e-11	70854.5	0
0.267214	1	3	3	3.36092e-11	70854.5	0
0.267214	1	4	4	3.36092e-11	70854.5	0
0.268214	1	1	2	6.86832e-11	144797	0
0.268214	1	2	1	3.36092e-11	70854.5	0
0.268214	1	3	3	3.36092e-11	70854.5	0
0.268214	1	4	4	3.36092e-11	70854.5	0
0.269214	1	1	2	6.86887e-11	144809	0
0.269214	1	2	1	3.36092e-11	70854.5	0
0.269214	1	3	3	3.36092e-11	70854.5	0
0.269214	1	4	4	3.36092e-11	70854.5	0
0.270214	1	1	2	6.86943e-11	144820	0
0.270214	1	2	1	3.36092e-11	70854.5	0
0.270214	1	3	3	3.36092e-11	70854.5	0
0.270214	1	4	4	3.36092e-11	70854.5	0
0.271214	1	1	2	6.86998e-11	144832	0
0.271214	1	2	1	3.36092e-11	70854.5	0
0.271214	1	3	3	3.36092e-11	70854.5	0
0.271214	1	4	4	3.36092e-11	70854.5	0
0.272214	1	1	2	6.87054e-11	144844	0
0.272214	1	2	1	3.36092e-11	70854.5	0
0.272214	1	3	3	3.36092e-11	70854.5	0
0.272214	1	4	4	3.36092e-11	70854.5	0
0.273214	1	1	2	6.87109e-11	144855	0
0.273214	1	2	1	3.36092e-11	70854.5	0
0.273214	1	3	3	3.36092e-11	70854.5	0
0.273214	1	4	4	3.36092e-11	70854.5	0
0.274214	1	1	2	6.87165e-11	144867	0
0.274214	1	2	1	3.36092e-11	70854.5	0
0.274214	1	3	3	3.36092e-11	70854.5	0
0.274214	1	4	4	3.36092e-11	70854.5	0
0.275214	1	1	2	6.87221e-11	144879	0
0.275214	1	2	1	3.36092e-11	70854.5	0
0.275214	1	3	3	3.36092e-11	70854.5	0
0.275214	1	4	4	3.36092e-11	70854.5	0
0.276214	1	1	2	6.87276e-11	144891	0
0.276214	1	2	1	3.36092e-11	70854.5	0
0.276214	1	3	3	3.36092e-11	70854.5	0
0.276214	1	4	4	3.36092e-11	70854.5	0
0.277214	1	1	2	6.87332e-11	144902	0
0.277214	1	2	1	3.36092e-11	70854.5	0
0.277214	1	3	3	3.36092e-11	70854.5	0
0.277214	1	4	4	3.36092e-11	70854.5	0
0.278214	1	1	2	6.87387e-11	144914	0
0.278214	1	2	1	3.36092e-11	70854.5	0
0.278214	1	3	3	3.36092e-11	70854.5	0
0.278214	1	4	4	3.36092e-11	70854.5	0
0.279214	1	1	2	6.87443e-11	144926	0
0.279214	1	2	1	3.36092e-11	70854.5	0
0.279214	1	3	3	3.36092e-11	70854.5	0
0.279214	1	4	4	3.36092e-11	70854.5	0
0.280214	1	1	2	6.87499e-11	144937	0
0.280214	1	2	1	3.36092e-11	70854.5	0
0.280214	1	3	3	3.36092e-11	70854.5	0
0.280214	1	4	4	3.36092e-11	70854.5	0
0.281214	1	1	2	6.87554e-11	144949	0
0.281214	1	2	1	3.36092e-11	70854.5	0
0.281214	1	3	3	3.36092e-11	70854.5	0
0.281214	1	4	4	3.36092e-11	70854.5	0
0.282214	1	1	2	6.8761e-11	144961	0
0.282214	1	2	1	3.36092e-11	70854.5	0
0.282214	1	3	3	3.36092e-11	70854.5	0
0.282214	1	4	4	3.36092e-11	70854.5	0
0.283214	1	1	2	6.87665e-11	144973	0
0.283214	1	2	1	3.36092e-11	70854.5	0
0.283214	1	3	3	3.36092e-11	70854.5	0
0.283214	1	4	4	3.36092e-11	70854.5	0
0.284214	1	1	2	6.87721e-11	144984	0
0.284214	1	2	1	3.36092e-11	70854.5	0
0.284214	1	3	3	3.36092e-11	70854.5	0
0.284214	1	4	4	3.36092e-11	70854.5	0
0.285214	1	1	2	6.87777e-11	144996	0
0.285214	1	2	1	3.36092e-11	70854.5	0
0.285214	1	3	3	3.36092e-11	70854.5	0
0.285214	1	4	4	3.36092e-11	70854.5	0
0.286214	1	1	2	6.87832e-11	145008	0
0.286214	1	2	1	3.36092e-11	70854.5	0
0.286214	1	3	3	3.36092e-11	70854.5	0
0.286214	1	4	4	3.36092e-11	70854.5	0
0.287214	1	1	2	6.87888e-11	145020	0
0.287214	1	2	1	3.36092e-11	70854.5	0
0.287214	1	3	3	3.36092e-11	70854.5	0
0.287214	1	4	4	3.36092e-11	70854.5	0
0.288214	1	1	2	6.87944e-11	145031	0
0.288214	1	2	1	3.36092e-11	70854.5	0
0.288214	1	3	3	3.36092e-11	70854.5	0
0.288214	1	4	4	3.36092e-11	70854.5	0
0.289214	1	1	2	6.87999e-11	145043	0
0.289214	1	2	1	3.36092e-11	70854.5	0
0.289214	1	3	3	3.36092e-11	70854.5	0
0.289214	1	4	4	3.36092e-11	70854.5	0
0.290214	1	1	2	6.88055e-11	145055	0
0.290214	1	2	1	3.36092e-11	70854.5	0
0.290214	1	3	3	3.36092e-11	70854.5	0
0.290214	1	4	4	3.36092e-11	70854.5	0
0.291214	1	1	2	6.88111e-11	145066	0
0.291214	1	2	1	3.36092e-11	70854.5	0
0.291214	1	3	3	3.36092e-11	70854.5	0
0.291214	1	4	4	3.36092e-11	70854.5	0
0.292214	1	1	2	6.88166e-11	145078	0
0.292214	1	2	1	3.36092e-11	70854.5	0
0.292214	1	3	3	3.36092e-11	70854.5	0
0.292214	1	4	4	3.36092e-11	70854.5	0
0.293214	1	1	2	6.88222e-11	145090	0
0.293214	1	2	1	3.36092e-11	70854.5	0
0.293214	1	3	3	3.36092e-11	70854.5	0
0.293214	1	4	4	3.36092e-11	70854.5	0
0.294214	1	1	2	6.88278e-11	145102	0
0.294214	1	2	1	3.36092e-11	70854.5	0
0.294214	1	3	3	3.36092e-11	70854.5	0
0.294214	1	4	4	3.36092e-11	70854.5	0
0.295214	1	1	2	6.88334e-11	145113	0
0.295214	1	2	1	3.36092e-11	70854.5	0
0.295214	1	3	3	3.36092e-11	70854.5	0
0.295214	1	4	4	3.36092e-11	70854.5	0
0.296214	1	1	2	6.88389e-11	145125	0
0.296214	1	2	1	3.36092e-11	70854.5	0
0.296214	1	3	3	3.36092e-11	70854.5	0
0.296214	1	4	4	3.36092e-11	70854.5	0
0.297214	1	1	2	6.88445e-11	145137	0
0.297214	1	2	1	3.36092e-11	70854.5	0
0.297214	1	3	3	3.36092e-11	70854.5	0
0.297214	1	4	4	3.36092e-11	70854.5	0
0.298214	1	1	2	6.88501e-11	145149	0
0.298214	1	2	1	3.36092e-11	70854.5	0
0.298214	1	3	3	3.36092e-11	70854.5	0
0.298214	1	4	4	3.36092e-11	70854.5	0
0.299214	1	1	2	6.88557e-11	145160	0
0.299214	1	2	1	3.36092e-11	70854.5	0
0.299214	1	3	3	3.36092e-11	70854.5	0
0.299214	1	4	4	3.36092e-11	70854.5	0
0.300214	1	1	2	6.88612e-11	145172	0
0.300214	1	2	1	3.36092e-11	70854.5	0
0.300214	1	3	3	3.36092e-11	70854.5	0
0.300214	1	4	4	3.36092e-11	70854.5	0
0.301214	1	1	2	6.88668e-11	145184	0
0.301214	1	2	1	3.36092e-11	70854.5	0
0.301214	1	3	3	3.36092e-11	70854.5	0
0.301214	1	4	4	3.36092e-11	70854.5	0
0.302214	1	1	2	6.88724e-11	145196	0
0.302214	1	2	1	3.36092e-11	70854.5	0
0.302214	1	3	3	3.36092e-11	70854.5	0
0.302214	1	4	4	3.36092e-11	70854.5	0
0.303214	1	1	2	6.8878e-11	145207	0
0.303214	1	2	1	3.36092e-11	70854.5	0
0.303214	1	3	3	3.36092e-11	70854.5	0
0.303214	1	4	4	3.36092e-11	70854.5	0
0.304214	1	1	2	6.88835e-11	145219	0
0.304214	1	2	1	3.36092e-11	70854.5	0
0.304214	1	3	3	3.36092e-11	70854.5	0
0.304214	1	4	4	3.36092e-11	70854.5	0
0.305214	1	1	2	6.88891e-11	145231	0
0.305214	1	2	1	3.36092e-11	70854.5	0
0.305214	1	3	3	3.36092e-11	70854.5	0
0.305214	1	4	4	3.36092e-11	70854.5	0
0.306214	1	1	2	6.88947e-11	145243	0
0.306214	1	2	1	3.36092e-11	70854.5	0
0.306214	1	3	3	3.36092e-11	70854.5	0
0.306214	1	4	4	3.36092e-11	70854.5	0
0.307214	1	1	2	6.89003e-11	145255	0
0.307214	1	2	1	3.36092e-11	70854.5	0
0.307214	1	3	3	3.36092e-11	70854.5	0
0.307214	1	4	4	3.36092e-11	70854.5	0
0.308214	1	1	2	6.89059e-11	145266	0
0.308214	1	2	1	3.36092e-11	70854.5	0
0.308214	1	3	3	3.36092e-11	70854.5	0
0.308214	1	4	4	3.36092e-11	70854.5	0
0.309214	1	1	2	6.89114e-11	145278	0
0.309214	1	2	1	3.36092e-11	70854.5	0
0.309214	1	3	3	3.36092e-11	70854.5	0
0.309214	1	4	4	3.36092e-11	70854.5	0
0.310214	1	1	2	6.8917e-11	145290	0
0.310214	1	2	1	3.36092e-11	70854.5	0
0.310214	1	3	3	3.36092e-11	70854.5	0
0.310214	1	4	4	3.36092e-11	70854.5	0
0.311214	1	1	2	6.89226e-11	145302	0
0.311214	1	2	1	3.36092e-11	70854.5	0
0.311214	1	3	3	3.36092e-11	70854.5	0
0.311214	1	4	4	3.36092e-11	70854.5	0
0.312214	1	1	2	6.89282e-11	145313	0
0.312214	1	2	1	3.36092e-11	70854.5	0
0.312214	1	3	3	3.36092e-11	70854.5	0
0.312214	1	4	4	3.36092e-11	70854.5	0
0.313214	1	1	2	6.89338e-11	145325	0
0.313214	1	2	1	3.36092e-11	70854.5	0
0.313214	1	3	3	3.36092e-11	70854.5	0
0.313214	1	4	4	3.36092e-11	70854.5	0
0.314214	1	1	2	6.89394e-11	145337	0
0.314214	1	2	1	3.36092e-11	70854.5	0
0.314214	1	3	3	3.36092e-11	70854.5	0
0.314214	1	4	4	3.36092e-11	70854.5	0
0.315214	1	1	2	6.89449e-11	145349	0
0.315214	1	2	1	3.36092e-11	70854.5	0
0.315214	1	3	3	3.36092e-11	70854.5	0
0.315214	1	4	4	3.36092e-11	70854.5	0
0.316214	1	1	2	6.89505e-11	145360	0
0.316214	1	2	1	3.36092e-11	70854.5	0
0.316214	1	3	3	3.36092e-11	70854.5	0
0.316214	1	4	4	3.36092e-11	70854.5	0
0.317214	1	1	2	6.89561e-11	145372	0
0.317214	1	2	1	3.36092e-11	70854.5	0
0.317214	1	3	3	3.36092e-11	70854.5	0
0.317214	1	4	4	3.36092e-11	70854.5	0
0.318214	1	1	2	6.89617e-11	145384	0
0.318214	1	2	1	3.36092e-11	70854.5	0
0.318214	1	3	3	3.36092e-11	70854.5	0
0.318214	1	4	4	3.36092e-11	70854.5	0
0.319214	1	1	2	6.89673e-11	145396	0
0.319214	1	2	1	3.36092e-11	70854.5	0
0.319214	1	3	3	3.36092e-11	70854.5	0
0.319214	1	4	4	3.36092e-11	70854.5	0
0.320214	1	1	2	6.89729e-11	145408	0
0.320214	1	2	1	3.36092e-11	70854.5	0
0.320214	1	3	3	3.36092e-11	70854.5	0
0.320214	1	4	4	3.36092e-11	70854.5	0
0.321214	1	1	2	6.89785e-11	145419	0
0.321214	1	2	1	3.36092e-11	70854.5	0
0.321214	1	3	3	3.36092e-11	70854.5	0
0.321214	1	4	4	3.36092e-11	70854.5	0
0.322214	1	1	2	6.89841e-11	145431	0
0.322214	1	2	1	3.36092e-11	70854.5	0
0.322214	1	3	3	3.36092e-11	70854.5	0
0.322214	1	4	4	3.36092e-11	70854.5	0
0.323214	1	1	2	6.89897e-11	145443	0
0.323214	1	2	1	3.36092e-11	70854.5	0
0.323214	1	3	3	3.36092e-11	70854.5	0
0.323214	1	4	4	3.36092e-11	70854.5	0
0.324214	1	1	2	6.89952e-11	145455	0
0.324214	1	2	1	3.36092e-11	70854.5	0
0.324214	1	3	3	3.36092e-11	70854.5	0
0.324214	1	4	4	3.36092e-11	70854.5	0
0.325214	1	1	2	6.90008e-11	145467	0
0.325214	1	2	1	3.36092e-11	70854.5	0
0.325214	1	3	3	3.36092e-11	70854.5	0
0.325214	1	4	4	3.36092e-11	70854.5	0
0.326214	1	1	2	6.90064e-11	145478	0
0.326214	1	2	1	3.36092e-11	70854.5	0
0.326214	1	3	3	3.36092e-11	70854.5	0
0.326214	1	4	4	3.36092e-11	70854.5	0
0.327214	1	1	2	6.9012e-11	145490	0
0.327214	1	2	1	3.36092e-11	70854.5	0
0.327214	1	3	3	3.36092e-11	70854.5	0
0.327214	1	4	4	3.36092e-11	70854.5	0
0.328214	1	1	2	6.90176e-11	145502	0
0.328214	1	2	1	3.36092e-11	70854.5	0
0.328214	1	3	3	3.36092e-11	70854.5	0
0.328214	1	4	4	3.36092e-11	70854.5	0
0.329214	1	1	2	6.90232e-11	145514	0
0.329214	1	2	1	3.36092e-11	70854.5	0
0.329214	1	3	3	3.36092e-11	70854.5	0
0.329214	1	4	4	3.36092e-11	70854.5	0
0.330214	1	1	2	6.90288e-11	145526	0
0.330214	1	2	1	3.36092e-11	70854.5	0
0.330214	1	3	3	3.36092e-11	70854.5	0
0.330214	1	4	4	3.36092e-11	70854.5	0
0.331214	1	1	2	6.90344e-11	145537	0
0.331214	1	2	1	3.36092e-11	70854.5	0
0.331214	1	3	3	3.36092e-11	70854.5	0
0.331214	1	4	4	3.36092e-11	70854.5	0
0.332214	1	1	2	6.904e-11	145549	0
0.332214	1	2	1	3.36092e-11	70854.5	0
0.332214	1	3	3	3.36092e-11	70854.5	0
0.332214	1	4	4	3.36092e-11	70854.5	0
0.333214	1	1	2	6.90456e-11	145561	0
0.333214	1	2	1	3.36092e-11	70854.5	0
0.333214	1	3	3	3.36092e-11	70854.5	0
0.333214	1	4	4	3.36092e-11	70854.5	0
0.334214	1	1	2	6.90512e-11	145573	0
0.334214	1	2	1	3.36092e-11	70854.5	0
0.334214	1	3	3	3.36092e-11	70854.5	0
0.334214	1	4	4	3.36092e-11	70854.5	0
0.335214	1	1	2	6.90568e-11	145585	0
0.335214	1	2	1	3.36092e-11	70854.5	0
0.335214	1	3	3	3.36092e-11	70854.5	0
0.335214	1	4	4	3.36092e-11	70854.5	0
0.336214	1	1	2	6.90624e-11	145596	0
0.336214	1	2	1	3.36092e-11	70854.5	0
0.336214	1	3	3	3.36092e-11	70854.5	0
0.336214	1	4	4	3.36092e-11	70854.5	0
0.337214	1	1	2	6.9068e-11	145608	0
0.337214	1	2	1	3.36092e-11	70854.5	0
0.337214	1	3	3	3.36092e-11	70854.5	0
0.337214	1	4	4	3.36092e-11	70854.5	0
0.338214	1	1	2	6.90736e-11	145620	0
0.338214	1	2	1	3.36092e-11	70854.5	0
0.338214	1	3	3	3.36092e-11	70854.5	0
0.338214	1	4	4	3.36092e-11	70854.5	0
0.339214	1	1	2	6.90792e-11	145632	0
0.339214	1	2	1	3.36092e-11	70854.5	0
0.339214	1	3	3	3.36092e-11	70854.5	0
0.339214	1	4	4	3.36092e-11	70854.5	0
0.340214	1	1	2	6.90848e-11	145644	0
0.340214	1	2	1	3.36092e-11	70854.5	0
0.340214	1	3	3	3.36092e-11	70854.5	0
0.340214	1	4	4	3.36092e-11	70854.5	0
0.341214	1	1	2	6.90904e-11	145655	0
0.341214	1	2	1	3.36092e-11	70854.5	0
0.341214	1	3	3	3.36092e-11	70854.5	0
0.341214	1	4	4	3.36092e-11	70854.5	0
0.342214	1	1	2	6.9096e-11	145667	0
0.342214	1	2	1	3.36092e-11	70854.5	0
0.342214	1	3	3	3.36092e-11	70854.5	0
0.342214	1	4	4	3.36092e-11	70854.5	0
0.343214	1	1	2	6.91016e-11	145679	0
0.343214	1	2	1	3.36092e-11	70854.5	0
0.343214	1	3	3	3.36092e-11	70854.5	0
0.343214	1	4	4	3.36092e-11	70854.5	0
0.344214	1	1	2	6.91072e-11	145691	0
0.344214	1	2	1	3.36092e-11	70854.5	0
0.344214	1	3	3	3.36092e-11	70854.5	0
0.344214	1	4	4	3.36092e-11	70854.5	0
0.345214	1	1	2	6.91128e-11	145703	0
0.345214	1	2	1	3.36092e-11	70854.5	0
0.345214	1	3	3	3.36092e-11	70854.5	0
0.345214	1	4	4	3.36092e-11	70854.5	0
0.346214	1	1	2	6.91184e-11	145714	0
0.346214	1	2	1	3.36092e-11	70854.5	0
0.346214	1	3	3	3.36092e-11	70854.5	0
0.346214	1	4	4	3.36092e-11	70854.5	0
0.347214	1	1	2	6.9124e-11	145726	0
0.347214	1	2	1	3.36092e-11	70854.5	0
0.347214	1	3	3	3.36092e-11	70854.5	0
0.347214	1	4	4	3.36092e-11	70854.5	0
0.348214	1	1	2	6.91297e-11	145738	0
0.348214	1	2	1	3.36092e-11	70854.5	0
0.348214	1	3	3	3.36092e-11	70854.5	0
0.348214	1	4	4	3.36092e-11	70854.5	0
0.349214	1	1	2	6.91353e-11	145750	0
0.349214	1	2	1	3.36092e-11	70854.5	0
0.349214	1	3	3	3.36092e-11	70854.5	0
0.349214	1	4	4	3.36092e-11	70854.5	0
0.350214	1	1	2	6.91409e-11	145762	0
0.350214	1	2	1	3.36092e-11	70854.5	0
0.350214	1	3	3	3.36092e-11	70854.5	0
0.350214	1	4	4	3.36092e-11	70854.5	0
0.351214	1	1	2	6.91465e-11	145774	0
0.351214	1	2	1	3.36092e-11	70854.5	0
0.351214	1	3	3	3.36092e-11	70854.5	0
0.351214	1	4	4	3.36092e-11	70854.5	0
0.352214	1	1	2	6.91521e-11	145785	0
0.352214	1	2	1	3.36092e-11	70854.5	0
0.352214	1	3	3	3.36092e-11	70854.5	0
0.352214	1	4	4	3.36092e-11	70854.5	0
0.353214	1	1	2	6.91577e-11	145797	0
0.353214	1	2	1	3.36092e-11	70854.5	0
0.353214	1	3	3	3.36092e-11	70854.5	0
0.353214	1	4	4	3.36092e-11	70854.5	0
0.354214	1	1	2	6.91633e-11	145809	0
0.354214	1	2	1	3.36092e-11	70854.5	0
0.354214	1	3	3	3.36092e-11	70854.5	0
0.354214	1	4	4	3.36092e-11	70854.5	0
0.355214	1	1	2	6.91689e-11	145821	0
0.355214	1	2	1	3.36092e-11	70854.5	0
0.355214	1	3	3	3.36092e-11	70854.5	0
0.355214	1	4	4	3.36092e-11	70854.5	0
0.356214	1	1	2	6.91745e-11	145833	0
0.356214	1	2	1	3.36092e-11	70854.5	0
0.356214	1	3	3	3.36092e-11	70854.5	0
0.356214	1	4	4	3.36092e-11	70854.5	0
0.357214	1	1	2	6.91802e-11	145845	0
0.357214	1	2	1	3.36092e-11	70854.5	0
0.357214	1	3	3	3.36092e-11	70854.5	0
0.357214	1	4	4	3.36092e-11	70854.5	0
0.358214	1	1	2	6.91858e-11	145856	0
0.358214	1	2	1	3.36092e-11	70854.5	0
0.358214	1	3	3	3.36092e-11	70854.5	0
0.358214	1	4	4	3.36092e-11	70854.5	0
0.359214	1	1	2	6.91914e-11	145868	0
0.359214	1	2	1	3.36092e-11	70854.5	0
0.359214	1	3	3	3.36092e-11	70854.5	0
0.359214	1	4	4	3.36092e-11	70854.5	0
0.360214	1	1	2	6.9197e-11	145880	0
0.360214	1	2	1	3.36092e-11	70854.5	0
0.360214	1	3	3	3.36092e-11	70854.5	0
0.360214	1	4	4	3.36092e-11	70854.5	0
0.361214	1	1	2	6.92026e-11	145892	0
0.361214	1	2	1	3.36092e-11	70854.5	0
0.361214	1	3	3	3.36092e-11	70854.5	0
0.361214	1	4	4	3.36092e-11	70854.5	0
0.362214	1	1	2	6.92082e-11	145904	0
0.362214	1	2	1	3.36092e-11	70854.5	0
0.362214	1	3	3	3.36092e-11	70854.5	0
0.362214	1	4	4	3.36092e-11	70854.5	0
0.363214	1	1	2	6.92139e-11	145916	0
0.363214	1	2	1	3.36092e-11	70854.5	0
0.363214	1	3	3	3.36092e-11	70854.5	0
0.363214	1	4	4	3.36092e-11	70854.5	0
0.364214	1	1	2	6.92195e-11	145927	0
0.364214	1	2	1	3.36092e-11	70854.5	0
0.364214	1	3	3	3.36092e-11	70854.5	0
0.364214	1	4	4	3.36092e-11	70854.5	0
0.365214	1	1	2	6.92251e-11	145939	0
0.365214	1	2	1	3.36092e-11	70854.5	0
0.365214	1	3	3	3.36092e-11	70854.5	0
0.365214	1	4	4	3.36092e-11	70854.5	0
0.366214	1	1	2	6.92307e-11	145951	0
0.366214	1	2	1	3.36092e-11	70854.5	0
0.366214	1	3	3	3.36092e-11	70854.5	0
0.366214	1	4	4	3.36092e-11	70854.5	0
0.367214	1	1	2	6.92363e-11	145963	0
0.367214	1	2	1	3.36092e-11	70854.5	0
0.367214	1	3	3	3.36092e-11	70854.5	0
0.367214	1	4	4	3.36092e-11	70854.5	0
0.368214	1	1	2	6.9242e-11	145975	0
0.368214	1	2	1	3.36092e-11	70854.5	0
0.368214	1	3	3	3.36092e-11	70854.5	0
0.368214	1	4	4	3.36092e-11	70854.5	0
0.369214	1	1	2	6.92476e-11	145987	0
0.369214	1	2	1	3.36092e-11	70854.5	0
0.369214	1	3	3	3.36092e-11	70854.5	0
0.369214	1	4	4	3.36092e-11	70854.5	0
0.370214	1	1	2	6.92532e-11	145999	0
0.370214	1	2	1	3.36092e-11	70854.5	0
0.370214	1	3	3	3.36092e-11	70854.5	0
0.370214	1	4	4	3.36092e-11	70854.5	0
0.371214	1	1	2	6.92588e-11	146010	0
0.371214	1	2	1	3.36092e-11	70854.5	0
0.371214	1	3	3	3.36092e-11	70854.5	0
0.371214	1	4	4	3.36092e-11	70854.5	0
0.372214	1	1	2	6.92645e-11	146022	0
0.372214	1	2	1	3.36092e-11	70854.5	0
0.372214	1	3	3	3.36092e-11	70854.5	0
0.372214	1	4	4	3.36092e-11	70854.5	0
0.373214	1	1	2	6.92701e-11	146034	0
0.373214	1	2	1	3.36092e-11	70854.5	0
0.373214	1	3	3	3.36092e-11	70854.5	0
0.373214	1	4	4	3.36092e-11	70854.5	0
0.374214	1	1	2	6.92757e-11	146046	0
0.374214	1	2	1	3.36092e-11	70854.5	0
0.374214	1	3	3	3.36092e-11	70854.5	0
0.374214	1	4	4	3.36092e-11	70854.5	0
0.375214	1	1	2	6.92813e-11	146058	0
0.375214	1	2	1	3.36092e-11	70854.5	0
0.375214	1	3	3	3.36092e-11	70854.5	0
0.375214	1	4	4	3.36092e-11	70854.5	0
0.376214	1	1	2	6.9287e-11	146070	0
0.376214	1	2	1	3.36092e-11	70854.5	0
0.376214	1	3	3	3.36092e-11	70854.5	0
0.376214	1	4	4	3.36092e-11	70854.5	0
0.377214	1	1	2	6.92926e-11	146082	0
0.377214	1	2	1	3.36092e-11	70854.5	0
0.377214	1	3	3	3.36092e-11	70854.5	0
0.377214	1	4	4	3.36092e-11	70854.5	0
0.378214	1	1	2	6.92982e-11	146093	0
0.378214	1	2	1	3.36092e-11	70854.5	0
0.378214	1	3	3	3.36092e-11	70854.5	0
0.378214	1	4	4	3.36092e-11	70854.5	0
0.379214	1	1	2	6.93038e-11	146105	0
0.379214	1	2	1	3.36092e-11	70854.5	0
0.379214	1	3	3	3.36092e-11	70854.5	0
0.379214	1	4	4	3.36092e-11	70854.5	0
0.380214	1	1	2	6.93095e-11	146117	0
0.380214	1	2	1	3.36092e-11	70854.5	0
0.380214	1	3	3	3.36092e-11	70854.5	0
0.380214	1	4	4	3.36092e-11	70854.5	0
0.381214	1	1	2	6.93151e-11	146129	0
0.381214	1	2	1	3.36092e-11	70854.5	0
0.381214	1	3	3	3.36092e-11	70854.5	0
0.381214	1	4	4	3.36092e-11	70854.5	0
0.382214	1	1	2	6.93207e-11	146141	0
0.382214	1	2	1	3.36092e-11	70854.5	0
0.382214	1	3	3	3.36092e-11	70854.5	0
0.382214	1	4	4	3.36092e-11	70854.5	0
0.383214	1	1	2	6.93264e-11	146153	0
0.383214	1	2	1	3.36092e-11	70854.5	0
0.383214	1	3	3	3.36092e-11	70854.5	0
0.383214	1	4	4	3.36092e-11	70854.5	0
0.384214	1	1	2	6.9332e-11	146165	0
0.384214	1	2	1	3.36092e-11	70854.5	0
0.384214	1	3	3	3.36092e-11	70854.5	0
0.384214	1	4	4	3.36092e-11	70854.5	0
0.385214	1	1	2	6.93376e-11	146177	0
0.385214	1	2	1	3.36092e-11	70854.5	0
0.385214	1	3	3	3.36092e-11	70854.5	0
0.385214	1	4	4	3.36092e-11	70854.5	0
0.386214	1	1	2	6.93433e-11	146188	0
0.386214	1	2	1	3.36092e-11	70854.5	0
0.386214	1	3	3	3.36092e-11	70854.5	0
0.386214	1	4	4	3.36092e-11	70854.5	0
0.387214	1	1	2	6.93489e-11	146200	0
0.387214	1	2	1	3.36092e-11	70854.5	0
0.387214	1	3	3	3.36092e-11	70854.5	0
0.387214	1	4	4	3.36092e-11	70854.5	0
0.388214	1	1	2	6.93545e-11	146212	0
0.388214	1	2	1	3.36092e-11	70854.5	0
0.388214	1	3	3	3.36092e-11	70854.5	0
0.388214	1	4	4	3.36092e-11	70854.5	0
0.389214	1	1	2	6.93602e-11	146224	0
0.389214	1	2	1	3.36092e-11	70854.5	0
0.389214	1	3	3	3.36092e-11	70854.5	0
0.389214	1	4	4	3.36092e-11	70854.5	0
0.390214	1	1	2	6.93658e-11	146236	0
0.390214	1	2	1	3.36092e-11	70854.5	0
0.390214	1	3	3	3.36092e-11	70854.5	0
0.390214	1	4	4	3.36092e-11	70854.5	0
0.391214	1	1	2	6.93715e-11	146248	0
0.391214	1	2	1	3.36092e-11	70854.5	0
0.391214	1	3	3	3.36092e-11	70854.5	0
0.391214	1	4	4	3.36092e-11	70854.5	0
0.392214	1	1	2	6.93771e-11	146260	0
0.392214	1	2	1	3.36092e-11	70854.5	0
0.392214	1	3	3	3.36092e-11	70854.5	0
0.392214	1	4	4	3.36092e-11	70854.5	0
0.393214	1	1	2	6.93827e-11	146272	0
0.393214	1	2	1	3.36092e-11	70854.5	0
0.393214	1	3	3	3.36092e-11	70854.5	0
0.393214	1	4	4	3.36092e-11	70854.5	0
0.394214	1	1	2	6.93884e-11	146284	0
0.394214	1	2	1	3.36092e-11	70854.5	0
0.394214	1	3	3	3.36092e-11	70854.5	0
0.394214	1	4	4	3.36092e-11	70854.5	0
0.395214	1	1	2	6.9394e-11	146295	0
0.395214	1	2	1	3.36092e-11	70854.5	0
0.395214	1	3	3	3.36092e-11	70854.5	0
0.395214	1	4	4	3.36092e-11	70854.5	0
0.396214	1	1	2	6.93996e-11	146307	0
0.396214	1	2	1	3.36092e-11	70854.5	0
0.396214	1	3	3	3.36092e-11	70854.5	0
0.396214	1	4	4	3.36092e-11	70854.5	0
0.397214	1	1	2	6.94053e-11	146319	0
0.397214	1	2	1	3.36092e-11	70854.5	0
0.397214	1	3	3	3.36092e-11	70854.5	0
0.397214	1	4	4	3.36092e-11	70854.5	0
0.398214	1	1	2	6.94109e-11	146331	0
0.398214	1	2	1	3.36092e-11	70854.5	0
0.398214	1	3	3	3.36092e-11	70854.5	0
0.398214	1	4	4	3.36092e-11	70854.5	0
0.399214	1	1	2	6.94166e-11	146343	0
0.399214	1	2	1	3.36092e-11	70854.5	0
0.399214	1	3	3	3.36092e-11	70854.5	0
0.399214	1	4	4	3.36092e-11	70854.5	0
0.400214	1	1	2	6.94222e-11	146355	0
0.400214	1	2	1	3.36092e-11	70854.5	0
0.400214	1	3	3	3.36092e-11	70854.5	0
0.400214	1	4	4	3.36092e-11	70854.5	0
0.401214	1	1	2	6.94279e-11	146367	0
0.401214	1	2	1	3.36092e-11	70854.5	0
0.401214	1	3	3	3.36092e-11	70854.5	0
0.401214	1	4	4	3.36092e-11	70854.5	0
0.402214	1	1	2	6.94335e-11	146379	0
0.402214	1	2	1	3.36092e-11	70854.5	0
0.402214	1	3	3	3.36092e-11	70854.5	0
0.402214	1	4	4	3.36092e-11	70854.5	0
0.403214	1	1	2	6.94392e-11	146391	0
0.403214	1	2	1	3.36092e-11	70854.5	0
0.403214	1	3	3	3.36092e-11	70854.5	0
0.403214	1	4	4	3.36092e-11	70854.5	0
