% time	cellId	IMSI	RNTI	txMode	layer	mcs	size	rv	ndi	correct	ccId
24	1	2	1	0	0	0	81	0	1	1	0
25	1	1	2	0	0	0	81	0	1	1	0
26	1	3	3	0	0	0	81	0	1	1	0
27	1	2	1	0	0	0	81	0	1	1	0
28	1	4	4	0	0	28	2196	0	1	1	0
29	1	1	2	0	0	28	2196	0	1	1	0
30	1	3	3	0	0	28	2196	0	1	1	0
31	1	2	1	0	0	28	2196	0	1	1	0
32	1	4	4	0	0	28	2196	0	1	1	0
34	1	1	2	0	0	28	2196	0	1	1	0
35	1	3	3	0	0	28	2196	0	1	1	0
36	1	2	1	0	0	28	2196	0	1	1	0
37	1	2	1	0	0	28	2196	0	1	1	0
38	1	4	4	0	0	28	2196	0	1	1	0
42	1	4	4	0	0	28	2196	0	1	1	0
44	1	1	2	0	0	28	2196	0	1	1	0
45	1	3	3	0	0	28	2196	0	1	1	0
46	1	2	1	0	0	28	2196	0	1	1	0
47	1	2	1	0	0	28	2196	0	1	1	0
48	1	4	4	0	0	28	2196	0	1	1	0
52	1	4	4	0	0	28	2196	0	1	1	0
54	1	1	2	0	0	28	2196	0	1	1	0
55	1	3	3	0	0	28	2196	0	1	1	0
56	1	2	1	0	0	28	2196	0	1	1	0
57	1	2	1	0	0	28	2196	0	1	1	0
58	1	4	4	0	0	28	2196	0	1	1	0
62	1	4	4	0	0	28	2196	0	1	1	0
64	1	1	2	0	0	28	2196	0	1	1	0
65	1	3	3	0	0	28	2196	0	1	1	0
66	1	2	1	0	0	28	2196	0	1	1	0
67	1	2	1	0	0	28	2196	0	1	1	0
68	1	4	4	0	0	28	2196	0	1	1	0
72	1	4	4	0	0	28	2196	0	1	1	0
74	1	1	2	0	0	28	2196	0	1	1	0
75	1	3	3	0	0	28	2196	0	1	1	0
76	1	2	1	0	0	28	2196	0	1	1	0
77	1	2	1	0	0	28	2196	0	1	1	0
78	1	4	4	0	0	28	2196	0	1	1	0
82	1	4	4	0	0	28	2196	0	1	1	0
84	1	1	2	0	0	28	2196	0	1	1	0
85	1	3	3	0	0	28	2196	0	1	1	0
86	1	2	1	0	0	28	2196	0	1	1	0
87	1	2	1	0	0	28	2196	0	1	1	0
88	1	4	4	0	0	28	2196	0	1	1	0
92	1	4	4	0	0	28	2196	0	1	1	0
94	1	1	2	0	0	28	2196	0	1	1	0
95	1	3	3	0	0	28	2196	0	1	1	0
96	1	2	1	0	0	28	2196	0	1	1	0
97	1	2	1	0	0	28	2196	0	1	1	0
98	1	4	4	0	0	28	2196	0	1	1	0
102	1	4	4	0	0	28	2196	0	1	1	0
104	1	1	2	0	0	28	2196	0	1	1	0
105	1	3	3	0	0	28	2196	0	1	1	0
106	1	2	1	0	0	28	2196	0	1	1	0
107	1	2	1	0	0	28	2196	0	1	1	0
108	1	4	4	0	0	28	2196	0	1	1	0
112	1	4	4	0	0	28	2196	0	1	1	0
114	1	1	2	0	0	28	2196	0	1	1	0
115	1	3	3	0	0	28	2196	0	1	1	0
116	1	2	1	0	0	28	2196	0	1	1	0
117	1	2	1	0	0	28	2196	0	1	1	0
118	1	4	4	0	0	28	2196	0	1	1	0
122	1	4	4	0	0	28	2196	0	1	1	0
124	1	1	2	0	0	28	2196	0	1	1	0
125	1	3	3	0	0	28	2196	0	1	1	0
126	1	2	1	0	0	28	2196	0	1	1	0
127	1	2	1	0	0	28	2196	0	1	1	0
128	1	4	4	0	0	28	2196	0	1	1	0
132	1	4	4	0	0	28	2196	0	1	1	0
134	1	1	2	0	0	28	2196	0	1	1	0
135	1	3	3	0	0	28	2196	0	1	1	0
136	1	2	1	0	0	28	2196	0	1	1	0
137	1	2	1	0	0	28	2196	0	1	1	0
138	1	4	4	0	0	28	2196	0	1	1	0
142	1	4	4	0	0	28	2196	0	1	1	0
144	1	1	2	0	0	28	2196	0	1	1	0
145	1	3	3	0	0	28	2196	0	1	1	0
146	1	2	1	0	0	28	2196	0	1	1	0
147	1	2	1	0	0	28	2196	0	1	1	0
148	1	4	4	0	0	28	2196	0	1	1	0
152	1	4	4	0	0	28	2196	0	1	1	0
154	1	1	2	0	0	28	2196	0	1	1	0
155	1	3	3	0	0	28	2196	0	1	1	0
156	1	2	1	0	0	28	2196	0	1	1	0
157	1	2	1	0	0	28	2196	0	1	1	0
158	1	4	4	0	0	28	2196	0	1	1	0
162	1	4	4	0	0	28	2196	0	1	1	0
164	1	1	2	0	0	28	2196	0	1	1	0
165	1	3	3	0	0	28	2196	0	1	1	0
166	1	2	1	0	0	28	2196	0	1	1	0
167	1	2	1	0	0	28	2196	0	1	1	0
168	1	4	4	0	0	28	2196	0	1	1	0
172	1	4	4	0	0	28	2196	0	1	1	0
174	1	1	2	0	0	28	2196	0	1	1	0
175	1	3	3	0	0	28	2196	0	1	1	0
176	1	2	1	0	0	28	2196	0	1	1	0
177	1	2	1	0	0	28	2196	0	1	1	0
178	1	4	4	0	0	28	2196	0	1	1	0
182	1	4	4	0	0	28	2196	0	1	1	0
184	1	1	2	0	0	28	2196	0	1	1	0
185	1	3	3	0	0	28	2196	0	1	1	0
186	1	2	1	0	0	28	2196	0	1	1	0
187	1	2	1	0	0	28	2196	0	1	1	0
188	1	4	4	0	0	28	2196	0	1	1	0
192	1	4	4	0	0	28	2196	0	1	1	0
194	1	1	2	0	0	28	2196	0	1	1	0
195	1	3	3	0	0	28	2196	0	1	1	0
196	1	2	1	0	0	28	2196	0	1	1	0
197	1	2	1	0	0	28	2196	0	1	1	0
198	1	4	4	0	0	28	2196	0	1	1	0
202	1	4	4	0	0	28	2196	0	1	1	0
204	1	1	2	0	0	28	2196	0	1	1	0
205	1	3	3	0	0	28	2196	0	1	1	0
206	1	2	1	0	0	28	2196	0	1	1	0
207	1	2	1	0	0	28	2196	0	1	1	0
208	1	4	4	0	0	28	2196	0	1	1	0
212	1	4	4	0	0	28	2196	0	1	1	0
214	1	1	2	0	0	28	2196	0	1	1	0
215	1	3	3	0	0	28	2196	0	1	1	0
216	1	2	1	0	0	28	2196	0	1	1	0
217	1	2	1	0	0	28	2196	0	1	1	0
218	1	4	4	0	0	28	2196	0	1	1	0
222	1	4	4	0	0	28	2196	0	1	1	0
224	1	1	2	0	0	28	2196	0	1	1	0
225	1	3	3	0	0	28	2196	0	1	1	0
226	1	2	1	0	0	28	2196	0	1	1	0
227	1	2	1	0	0	28	2196	0	1	1	0
228	1	4	4	0	0	28	2196	0	1	1	0
232	1	4	4	0	0	28	2196	0	1	1	0
234	1	1	2	0	0	28	2196	0	1	1	0
235	1	3	3	0	0	28	2196	0	1	1	0
236	1	2	1	0	0	28	2196	0	1	1	0
237	1	2	1	0	0	28	2196	0	1	1	0
238	1	4	4	0	0	28	2196	0	1	1	0
242	1	4	4	0	0	28	2196	0	1	1	0
244	1	1	2	0	0	28	2196	0	1	1	0
245	1	3	3	0	0	28	2196	0	1	1	0
246	1	2	1	0	0	28	2196	0	1	1	0
247	1	2	1	0	0	28	2196	0	1	1	0
248	1	4	4	0	0	28	2196	0	1	1	0
252	1	4	4	0	0	28	2196	0	1	1	0
254	1	1	2	0	0	28	2196	0	1	1	0
255	1	3	3	0	0	28	2196	0	1	1	0
256	1	2	1	0	0	28	2196	0	1	1	0
257	1	2	1	0	0	28	2196	0	1	1	0
258	1	4	4	0	0	28	2196	0	1	1	0
262	1	4	4	0	0	28	2196	0	1	1	0
264	1	1	2	0	0	28	2196	0	1	1	0
265	1	3	3	0	0	28	2196	0	1	1	0
266	1	2	1	0	0	28	2196	0	1	1	0
267	1	2	1	0	0	28	2196	0	1	1	0
268	1	4	4	0	0	28	2196	0	1	1	0
272	1	4	4	0	0	28	2196	0	1	1	0
274	1	1	2	0	0	28	2196	0	1	1	0
275	1	3	3	0	0	28	2196	0	1	1	0
276	1	2	1	0	0	28	2196	0	1	1	0
277	1	2	1	0	0	28	2196	0	1	1	0
278	1	4	4	0	0	28	2196	0	1	1	0
282	1	4	4	0	0	28	2196	0	1	1	0
284	1	1	2	0	0	28	2196	0	1	1	0
285	1	3	3	0	0	28	2196	0	1	1	0
286	1	2	1	0	0	28	2196	0	1	1	0
287	1	2	1	0	0	28	2196	0	1	1	0
288	1	4	4	0	0	28	2196	0	1	1	0
292	1	4	4	0	0	28	2196	0	1	1	0
294	1	1	2	0	0	28	2196	0	1	1	0
295	1	3	3	0	0	28	2196	0	1	1	0
296	1	2	1	0	0	28	2196	0	1	1	0
297	1	2	1	0	0	28	2196	0	1	1	0
298	1	4	4	0	0	28	2196	0	1	1	0
302	1	4	4	0	0	28	2196	0	1	1	0
304	1	1	2	0	0	28	2196	0	1	1	0
305	1	3	3	0	0	28	2196	0	1	1	0
306	1	2	1	0	0	28	2196	0	1	1	0
307	1	2	1	0	0	28	2196	0	1	1	0
308	1	4	4	0	0	28	2196	0	1	1	0
312	1	4	4	0	0	28	2196	0	1	1	0
314	1	1	2	0	0	28	2196	0	1	1	0
315	1	3	3	0	0	28	2196	0	1	1	0
316	1	2	1	0	0	28	2196	0	1	1	0
317	1	2	1	0	0	28	2196	0	1	1	0
318	1	4	4	0	0	28	2196	0	1	1	0
322	1	4	4	0	0	28	2196	0	1	1	0
324	1	1	2	0	0	28	2196	0	1	1	0
325	1	3	3	0	0	28	2196	0	1	1	0
326	1	2	1	0	0	28	2196	0	1	1	0
327	1	2	1	0	0	28	2196	0	1	1	0
328	1	4	4	0	0	28	2196	0	1	1	0
332	1	4	4	0	0	28	2196	0	1	1	0
334	1	1	2	0	0	28	2196	0	1	1	0
335	1	3	3	0	0	28	2196	0	1	1	0
336	1	2	1	0	0	28	2196	0	1	1	0
337	1	2	1	0	0	28	2196	0	1	1	0
338	1	4	4	0	0	28	2196	0	1	1	0
342	1	4	4	0	0	28	2196	0	1	1	0
344	1	1	2	0	0	28	2196	0	1	1	0
345	1	3	3	0	0	28	2196	0	1	1	0
346	1	2	1	0	0	28	2196	0	1	1	0
347	1	2	1	0	0	28	2196	0	1	1	0
348	1	4	4	0	0	28	2196	0	1	1	0
352	1	4	4	0	0	28	2196	0	1	1	0
354	1	1	2	0	0	28	2196	0	1	1	0
355	1	3	3	0	0	28	2196	0	1	1	0
356	1	2	1	0	0	28	2196	0	1	1	0
357	1	2	1	0	0	28	2196	0	1	1	0
358	1	4	4	0	0	28	2196	0	1	1	0
362	1	4	4	0	0	28	2196	0	1	1	0
364	1	1	2	0	0	28	2196	0	1	1	0
365	1	3	3	0	0	28	2196	0	1	1	0
366	1	2	1	0	0	28	2196	0	1	1	0
367	1	2	1	0	0	28	2196	0	1	1	0
368	1	4	4	0	0	28	2196	0	1	1	0
372	1	4	4	0	0	28	2196	0	1	1	0
374	1	1	2	0	0	28	2196	0	1	1	0
375	1	3	3	0	0	28	2196	0	1	1	0
376	1	2	1	0	0	28	2196	0	1	1	0
377	1	2	1	0	0	28	2196	0	1	1	0
378	1	4	4	0	0	28	2196	0	1	1	0
382	1	4	4	0	0	28	2196	0	1	1	0
384	1	1	2	0	0	28	2196	0	1	1	0
385	1	3	3	0	0	28	2196	0	1	1	0
386	1	2	1	0	0	28	2196	0	1	1	0
387	1	2	1	0	0	28	2196	0	1	1	0
388	1	4	4	0	0	28	2196	0	1	1	0
392	1	4	4	0	0	28	2196	0	1	1	0
394	1	1	2	0	0	28	2196	0	1	1	0
395	1	3	3	0	0	28	2196	0	1	1	0
396	1	2	1	0	0	28	2196	0	1	1	0
397	1	2	1	0	0	28	2196	0	1	1	0
398	1	4	4	0	0	28	2196	0	1	1	0
402	1	4	4	0	0	28	2196	0	1	1	0
